Number of nodes 700 
     0 :  2.7400000e+01 -8.3655305e-15 
     1 :  2.7384885e+01  9.0998959e-01 
     2 :  2.7384885e+01 -9.0998959e-01 
     3 :  2.2481425e+01  1.0935517e+01 
     4 :  2.1582560e+01  1.2617174e+01 
     5 :  2.3275263e+01  1.4457598e+01 
     6 :  2.2782267e+01  1.5222624e+01 
     7 :  2.2264136e+01  1.5970856e+01 
     8 :  1.9916037e+01  1.5111302e+01 
     9 :  1.8706369e+01  1.6585288e+01 
    10 :  2.0007498e+01  1.8720578e+01 
    11 :  1.9374726e+01  1.9374726e+01 
    12 :  1.8720578e+01  2.0007498e+01 
    13 :  1.6585288e+01  1.8706369e+01 
    14 :  1.5111302e+01  1.9916037e+01 
    15 :  1.5970856e+01  2.2264136e+01 
    16 :  1.5222624e+01  2.2782267e+01 
    17 :  1.4457598e+01  2.3275263e+01 
    18 :  1.2617174e+01  2.1582560e+01 
    19 :  1.0935517e+01  2.2481425e+01 
    20 :  1.1320462e+01  2.4952097e+01 
    21 :  1.0485526e+01  2.5314299e+01 
    22 :  9.6390210e+00  2.5648573e+01 
    23 :  8.1641902e+00  2.3629346e+01 
    24 :  6.3394852e+00  2.4182864e+01 
    25 :  6.2350304e+00  2.6681162e+01 
    26 :  5.3454748e+00  2.6873517e+01 
    27 :  4.4500216e+00  2.7036222e+01 
    28 :  3.3974609e+00  2.4768069e+01 
    29 :  1.4998310e+00  2.4954970e+01 
    30 :  9.0998959e-01  2.7384885e+01 
    31 :  1.5210055e-15  2.7400000e+01 
    32 : -9.0998959e-01  2.7384885e+01 
    33 : -1.4998310e+00  2.4954970e+01 
    34 : -3.3974609e+00  2.4768069e+01 
    35 : -4.4500216e+00  2.7036222e+01 
    36 : -5.3454748e+00  2.6873517e+01 
    37 : -6.2350304e+00  2.6681162e+01 
    38 : -6.3394852e+00  2.4182864e+01 
    39 : -8.1641902e+00  2.3629346e+01 
    40 : -9.6390210e+00  2.5648573e+01 
    41 : -1.0485526e+01  2.5314299e+01 
    42 : -1.1320462e+01  2.4952097e+01 
    43 : -1.0935517e+01  2.2481425e+01 
    44 : -1.2617174e+01  2.1582560e+01 
    45 : -1.4457598e+01  2.3275263e+01 
    46 : -1.5222624e+01  2.2782267e+01 
    47 : -1.5970856e+01  2.2264136e+01 
    48 : -1.5111302e+01  1.9916037e+01 
    49 : -1.6585288e+01  1.8706369e+01 
    50 : -1.8720578e+01  2.0007498e+01 
    51 : -1.9374726e+01  1.9374726e+01 
    52 : -2.0007498e+01  1.8720578e+01 
    53 : -1.8706369e+01  1.6585288e+01 
    54 : -1.9916037e+01  1.5111302e+01 
    55 : -2.2264136e+01  1.5970856e+01 
    56 : -2.2782267e+01  1.5222624e+01 
    57 : -2.3275263e+01  1.4457598e+01 
    58 : -2.1582560e+01  1.2617174e+01 
    59 : -2.2481425e+01  1.0935517e+01 
    60 : -2.4952097e+01  1.1320462e+01 
    61 : -2.5314299e+01  1.0485526e+01 
    62 : -2.5648573e+01  9.6390210e+00 
    63 : -2.3629346e+01  8.1641902e+00 
    64 : -2.4182864e+01  6.3394852e+00 
    65 : -2.6681162e+01  6.2350304e+00 
    66 : -2.6873517e+01  5.3454748e+00 
    67 : -2.7036222e+01  4.4500216e+00 
    68 : -2.4768069e+01  3.3974609e+00 
    69 : -2.4954970e+01  1.4998310e+00 
    70 : -2.7384885e+01  9.0998959e-01 
    71 : -2.7400000e+01  1.5210055e-15 
    72 : -2.7384885e+01 -9.0998959e-01 
    73 : -2.4954970e+01 -1.4998310e+00 
    74 : -2.4768069e+01 -3.3974609e+00 
    75 : -2.7036222e+01 -4.4500216e+00 
    76 : -2.6873517e+01 -5.3454748e+00 
    77 : -2.6681162e+01 -6.2350304e+00 
    78 : -2.4182864e+01 -6.3394852e+00 
    79 : -2.3629346e+01 -8.1641902e+00 
    80 : -2.5648573e+01 -9.6390210e+00 
    81 : -2.5314299e+01 -1.0485526e+01 
    82 : -2.4952097e+01 -1.1320462e+01 
    83 : -2.2481425e+01 -1.0935517e+01 
    84 : -2.1582560e+01 -1.2617174e+01 
    85 : -2.3275263e+01 -1.4457598e+01 
    86 : -2.2782267e+01 -1.5222624e+01 
    87 : -2.2264136e+01 -1.5970856e+01 
    88 : -1.9916037e+01 -1.5111302e+01 
    89 : -1.8706369e+01 -1.6585288e+01 
    90 : -2.0007498e+01 -1.8720578e+01 
    91 : -1.9374726e+01 -1.9374726e+01 
    92 : -1.8720578e+01 -2.0007498e+01 
    93 : -1.6585288e+01 -1.8706369e+01 
    94 : -1.5111302e+01 -1.9916037e+01 
    95 : -1.5970856e+01 -2.2264136e+01 
    96 : -1.5222624e+01 -2.2782267e+01 
    97 : -1.4457598e+01 -2.3275263e+01 
    98 : -1.2617174e+01 -2.1582560e+01 
    99 : -1.0935517e+01 -2.2481425e+01 
   100 : -1.1320462e+01 -2.4952097e+01 
   101 : -1.0485526e+01 -2.5314299e+01 
   102 : -9.6390210e+00 -2.5648573e+01 
   103 : -8.1641902e+00 -2.3629346e+01 
   104 : -6.3394852e+00 -2.4182864e+01 
   105 : -6.2350304e+00 -2.6681162e+01 
   106 : -5.3454748e+00 -2.6873517e+01 
   107 : -4.4500216e+00 -2.7036222e+01 
   108 : -3.3974609e+00 -2.4768069e+01 
   109 : -1.4998310e+00 -2.4954970e+01 
   110 : -9.0998959e-01 -2.7384885e+01 
   111 : -5.3235194e-15 -2.7400000e+01 
   112 :  9.0998959e-01 -2.7384885e+01 
   113 :  1.4998310e+00 -2.4954970e+01 
   114 :  3.3974609e+00 -2.4768069e+01 
   115 :  4.4500216e+00 -2.7036222e+01 
   116 :  5.3454748e+00 -2.6873517e+01 
   117 :  6.2350304e+00 -2.6681162e+01 
   118 :  6.3394852e+00 -2.4182864e+01 
   119 :  8.1641902e+00 -2.3629346e+01 
   120 :  9.6390210e+00 -2.5648573e+01 
   121 :  1.0485526e+01 -2.5314299e+01 
   122 :  1.1320462e+01 -2.4952097e+01 
   123 :  1.0935517e+01 -2.2481425e+01 
   124 :  1.2617174e+01 -2.1582560e+01 
   125 :  1.4457598e+01 -2.3275263e+01 
   126 :  1.5222624e+01 -2.2782267e+01 
   127 :  1.5970856e+01 -2.2264136e+01 
   128 :  1.5111302e+01 -1.9916037e+01 
   129 :  1.6585288e+01 -1.8706369e+01 
   130 :  1.8720578e+01 -2.0007498e+01 
   131 :  1.9374726e+01 -1.9374726e+01 
   132 :  2.0007498e+01 -1.8720578e+01 
   133 :  1.8706369e+01 -1.6585288e+01 
   134 :  1.9916037e+01 -1.5111302e+01 
   135 :  2.2264136e+01 -1.5970856e+01 
   136 :  2.2782267e+01 -1.5222624e+01 
   137 :  2.3275263e+01 -1.4457598e+01 
   138 :  2.1582560e+01 -1.2617174e+01 
   139 :  2.2481425e+01 -1.0935517e+01 
   140 :  2.4952097e+01 -1.1320462e+01 
   141 :  2.5314299e+01 -1.0485526e+01 
   142 :  2.5648573e+01 -9.6390210e+00 
   143 :  2.3629346e+01 -8.1641902e+00 
   144 :  2.4182864e+01 -6.3394852e+00 
   145 :  2.6681162e+01 -6.2350304e+00 
   146 :  2.6873517e+01 -5.3454748e+00 
   147 :  2.7036222e+01 -4.4500216e+00 
   148 :  2.4768069e+01 -3.3974609e+00 
   149 :  2.4954970e+01 -1.4998310e+00 
   150 :  2.4954970e+01  1.4998310e+00 
   151 :  2.4768069e+01  3.3974609e+00 
   152 :  2.7036222e+01  4.4500216e+00 
   153 :  2.6873517e+01  5.3454748e+00 
   154 :  2.6681162e+01  6.2350304e+00 
   155 :  2.4182864e+01  6.3394852e+00 
   156 :  2.3629346e+01  8.1641902e+00 
   157 :  2.5648573e+01  9.6390210e+00 
   158 :  2.5314299e+01  1.0485526e+01 
   159 :  2.4952097e+01  1.1320462e+01 
   160 : -8.7039614e+00  1.6720154e+01 
   161 : -1.8832059e+01 -8.2222545e-01 
   162 :  8.7039614e+00  1.6720154e+01 
   163 :  1.8850000e+01  0.0000000e+00 
   164 :  1.8832059e+01 -8.2222545e-01 
   165 :  1.0128098e+01 -1.5897929e+01 
   166 : -1.0128098e+01 -1.5897929e+01 
   167 :  2.3808496e+01 -1.1317831e+01 
   168 :  2.4838091e+01 -8.8322544e+00 
   169 :  2.5559022e+01 -6.4555545e+00 
   170 :  2.6083922e+01 -3.8168739e+00 
   171 :  2.6327328e+01 -1.3451951e+00 
   172 :  2.6327361e+01  1.3451869e+00 
   173 :  2.6083891e+01  3.8168594e+00 
   174 :  2.5559056e+01  6.4555530e+00 
   175 :  2.4838064e+01  8.8322341e+00 
   176 :  2.3808530e+01  1.1317836e+01 
   177 : -1.0128098e+01  1.5897929e+01 
   178 : -1.1475153e+01  1.4954710e+01 
   179 : -1.2734875e+01  1.3897678e+01 
   180 : -1.3897678e+01  1.2734875e+01 
   181 : -1.4954710e+01  1.1475153e+01 
   182 : -1.5897929e+01  1.0128098e+01 
   183 : -1.6720154e+01  8.7039614e+00 
   184 : -1.7415129e+01  7.2135827e+00 
   185 : -1.7977565e+01  5.6683043e+00 
   186 : -1.8403180e+01  4.0798867e+00 
   187 : -1.8688736e+01  2.4604187e+00 
   188 : -1.8832059e+01  8.2222545e-01 
   189 : -7.2135827e+00  1.6025179e+01 
   190 : -5.6683043e+00  1.5462744e+01 
   191 : -4.0798867e+00  1.5037129e+01 
   192 : -2.4604187e+00  1.4751573e+01 
   193 : -8.2222545e-01  1.4608249e+01 
   194 :  8.2222545e-01  1.4608249e+01 
   195 :  2.4604187e+00  1.4751573e+01 
   196 :  4.0798867e+00  1.5037129e+01 
   197 :  5.6683043e+00  1.5462744e+01 
   198 :  7.2135827e+00  1.6025179e+01 
   199 :  1.8772172e+01  1.7111545e+00 
   200 :  1.8539332e+01  3.4081789e+00 
   201 :  1.8153401e+01  5.0770600e+00 
   202 :  1.7617567e+01  6.7040169e+00 
   203 :  1.6936254e+01  8.2756147e+00 
   204 :  1.6115089e+01  9.7788759e+00 
   205 :  1.5160852e+01  1.1201387e+01 
   206 :  1.4081423e+01  1.2531402e+01 
   207 :  1.2885715e+01  1.3757938e+01 
   208 :  1.1583602e+01  1.4870866e+01 
   209 :  1.0185837e+01  1.5860997e+01 
   210 :  1.7485004e+01 -1.7654437e+00 
   211 :  1.6225281e+01 -2.8224764e+00 
   212 :  1.5062479e+01 -3.9852788e+00 
   213 :  1.4005446e+01 -5.2450013e+00 
   214 :  1.3062228e+01 -6.5920566e+00 
   215 :  1.2240002e+01 -8.0161928e+00 
   216 :  1.1545027e+01 -9.5065715e+00 
   217 :  1.0982592e+01 -1.1051850e+01 
   218 :  1.0556977e+01 -1.2640267e+01 
   219 :  1.0271421e+01 -1.4259735e+01 
   220 : -8.7039614e+00 -1.6720154e+01 
   221 : -7.2135827e+00 -1.7415129e+01 
   222 : -5.6683043e+00 -1.7977565e+01 
   223 : -4.0798867e+00 -1.8403180e+01 
   224 : -2.4604187e+00 -1.8688736e+01 
   225 : -8.2222545e-01 -1.8832059e+01 
   226 :  8.2222545e-01 -1.8832059e+01 
   227 :  2.4604187e+00 -1.8688736e+01 
   228 :  4.0798867e+00 -1.8403180e+01 
   229 :  5.6683043e+00 -1.7977565e+01 
   230 :  7.2135827e+00 -1.7415129e+01 
   231 :  8.7039614e+00 -1.6720154e+01 
   232 : -1.0271421e+01 -1.4259735e+01 
   233 : -1.0556977e+01 -1.2640267e+01 
   234 : -1.0982592e+01 -1.1051850e+01 
   235 : -1.1545027e+01 -9.5065715e+00 
   236 : -1.2240002e+01 -8.0161928e+00 
   237 : -1.3062228e+01 -6.5920566e+00 
   238 : -1.4005446e+01 -5.2450013e+00 
   239 : -1.5062479e+01 -3.9852788e+00 
   240 : -1.6225281e+01 -2.8224764e+00 
   241 : -1.7485004e+01 -1.7654437e+00 
   242 :  1.4799457e+01 -6.9263596e+00 
   243 :  1.8814906e+01 -2.4116340e+00 
   244 :  1.9621414e+01 -4.7161984e-01 
   245 :  3.7301843e-03  1.6047692e+01 
   246 : -1.3105435e+01 -9.3629367e+00 
   247 :  2.2777759e+01 -6.9672078e+00 
   248 : -1.5624914e+01 -5.5305572e+00 
   249 :  1.2648724e+01 -1.0943664e+01 
   250 : -4.4767357e+00  1.6548573e+01 
   251 :  4.5016253e+00  1.6525500e+01 
   252 :  2.0768492e+01 -1.1079943e+01 
   253 : -1.1737549e+01 -1.3843193e+01 
   254 : -2.0575634e+01 -1.0997906e+01 
   255 : -2.3838172e+00  2.3171039e+01 
   256 :  2.2867856e+00  2.3218124e+01 
   257 :  2.3841671e+01 -2.3141029e+00 
   258 : -1.8931268e+01 -2.5686599e+00 
   259 :  1.1632442e+01 -1.5204375e+01 
   260 : -1.8141230e+01 -1.4760871e+01 
   261 :  1.7953248e+01 -1.4483313e+01 
   262 : -6.7007479e+00  2.2181980e+01 
   263 :  6.7263545e+00  2.2389855e+01 
   264 : -2.2412714e+01 -6.6939529e+00 
   265 :  2.2761573e+01  6.9046476e+00 
   266 :  1.6886216e+01 -4.3710090e+00 
   267 :  2.3591629e+01  2.3454877e+00 
   268 :  1.8883587e+01  8.0401008e+00 
   269 : -1.4913429e+01 -1.8016316e+01 
   270 : -3.4340286e-15 -2.0256195e+01 
   271 : -1.4298729e+01  1.4376893e+01 
   272 : -2.0215542e+01  4.7933947e-02 
   273 :  1.6964529e+01  1.1205309e+01 
   274 : -7.3625362e+00  1.7674951e+01 
   275 :  7.3625362e+00  1.7674951e+01 
   276 : -3.4570529e+00 -1.9909786e+01 
   277 :  3.4088616e+00 -1.9906196e+01 
   278 : -1.1618216e+01  1.6605035e+01 
   279 : -1.9906196e+01  3.4088616e+00 
   280 : -1.6574742e+01  1.1673180e+01 
   281 :  1.1485372e+01 -1.6863061e+01 
   282 :  1.4545780e+01  1.4180183e+01 
   283 :  6.8856442e+00 -1.9019454e+01 
   284 : -8.4867574e+00 -1.8343905e+01 
   285 : -1.9019914e+01  6.8856683e+00 
   286 :  1.1709613e+01  1.6818914e+01 
   287 :  1.2981091e+01 -1.6116559e+01 
   288 : -8.8498231e+00  1.8414572e+01 
   289 :  8.7602664e+00  1.8402335e+01 
   290 :  2.2141029e+01  8.2222636e+00 
   291 :  2.3366524e+01  3.7422012e+00 
   292 :  2.3516421e+01  8.4989060e-01 
   293 :  1.3170909e+01 -1.4448689e+01 
   294 : -6.6649152e+00 -2.2328485e+01 
   295 : -2.0626943e+01  1.0923428e+01 
   296 :  1.9633802e+01  4.6694572e+00 
   297 :  2.0824380e+01  1.1122751e+01 
   298 :  2.2431131e+01  1.6299678e+00 
   299 :  2.2324542e+01  2.5605942e-01 
   300 :  1.0981579e+01 -2.0597786e+01 
   301 : -2.3218124e+01 -2.2867856e+00 
   302 :  2.1420042e+01 -9.6927674e+00 
   303 :  1.9861875e+01 -9.7706220e+00 
   304 :  1.9070433e+01 -1.1141244e+01 
   305 :  1.8197570e+01 -9.8209348e+00 
   306 :  1.8954509e+01 -8.3971442e+00 
   307 :  1.7393839e+01 -1.1291628e+01 
   308 :  1.6518566e+01 -9.9089463e+00 
   309 :  1.5780311e+01 -1.1319802e+01 
   310 :  2.1200019e+01  9.3043540e-01 
   311 :  2.1370729e+01  7.0910612e+00 
   312 :  1.8034694e+01  1.4800691e+01 
   313 : -1.4764316e+01  1.8037225e+01 
   314 : -2.2867856e+00 -2.3218124e+01 
   315 :  2.1141681e+00 -2.3178633e+01 
   316 : -1.7884279e+01  1.4920808e+01 
   317 : -2.3218124e+01  2.2867856e+00 
   318 :  1.4431514e+01 -1.5405075e+01 
   319 :  1.4800691e+01  1.8034694e+01 
   320 : -1.1024319e+01 -2.0624539e+01 
   321 :  6.7795103e+00 -2.2112316e+01 
   322 : -2.2121640e+01  6.7825384e+00 
   323 :  2.1898237e+01  5.7140536e+00 
   324 :  2.1229899e+01  2.3423637e+00 
   325 :  1.0881722e+01  2.0459933e+01 
   326 : -1.0975620e+01  2.0490195e+01 
   327 :  7.2244700e+00  1.9225205e+01 
   328 : -7.4433390e+00  1.9331592e+01 
   329 :  1.9677932e+01  6.1512785e-01 
   330 :  1.2981558e+01 -1.7929141e+01 
   331 :  2.1283260e+01 -3.6986932e-01 
   332 :  2.2222149e+01 -9.9097149e-01 
   333 :  2.1219523e+01 -1.5921674e+00 
   334 :  2.3688607e+01  1.0162761e+01 
   335 :  2.3937838e+01 -9.5646406e+00 
   336 :  2.5005042e+01  5.2767990e+00 
   337 :  2.5125382e+01 -4.6900442e+00 
   338 :  2.3847272e+01 -4.3393101e+00 
   339 :  2.5635201e+01  3.4838596e-01 
   340 :  5.8638780e+00  1.8484143e+01 
   341 : -5.9728495e+00  1.8667946e+01 
   342 :  1.9812478e+01  1.2523805e+01 
   343 :  1.4966639e+01 -1.0017954e+01 
   344 :  5.1483330e+00 -2.2578746e+01 
   345 : -2.2602046e+01  5.1747398e+00 
   346 :  4.4978680e-01 -2.3254668e+01 
   347 : -1.7074272e+01  1.6199269e+01 
   348 : -9.4590965e+00 -2.1267283e+01 
   349 : -2.1405344e+01  9.4733801e+00 
   350 : -1.9945325e+01  9.4778417e+00 
   351 : -5.1641414e+00 -2.2636504e+01 
   352 : -1.9742922e+01  1.2210393e+01 
   353 : -2.3316237e+01 -4.8987766e-01 
   354 : -1.3479013e+01  1.9106015e+01 
   355 :  9.4493868e+00 -2.1372447e+01 
   356 :  9.6542029e+00 -1.9490791e+01 
   357 : -2.2812189e+01 -5.0723669e+00 
   358 : -2.1090817e+01 -5.4047883e+00 
   359 : -2.0713212e+01 -7.0047855e+00 
   360 : -1.9354376e+01 -5.7893624e+00 
   361 : -1.8995217e+01 -7.6340319e+00 
   362 : -1.2470904e+01 -1.9820108e+01 
   363 : -1.1089236e+01 -1.8724529e+01 
   364 :  1.2467345e+01  1.9808480e+01 
   365 :  8.3831219e+00  2.1894986e+01 
   366 : -8.5087075e+00  2.1825176e+01 
   367 : -1.6109388e+01 -1.6994553e+01 
   368 : -1.4476928e+01 -1.6336636e+01 
   369 :  1.6934773e+01  1.6101820e+01 
   370 : -1.9151931e+01 -1.3455461e+01 
   371 : -1.7405475e+01 -1.3074905e+01 
   372 :  5.1317748e+00  2.2889922e+01 
   373 : -3.9782959e+00  2.3042208e+01 
   374 : -2.9487316e+00  2.1607724e+01 
   375 : -1.3206420e+00  2.1632877e+01 
   376 : -1.9147394e+00  2.0116937e+01 
   377 : -2.1638830e-01  2.0200563e+01 
   378 : -9.5808115e-01  1.8668917e+01 
   379 :  7.9224812e-01  1.8825282e+01 
   380 :  1.5528455e+00  2.0305929e+01 
   381 :  2.5176746e+00  1.8944245e+01 
   382 :  3.6027151e+00  2.0394545e+01 
   383 : -2.9065817e+00  1.8728242e+01 
   384 :  2.0598129e+01  8.5245912e+00 
   385 :  1.4794956e+01 -1.3741798e+01 
   386 :  1.6147124e+00  1.7286960e+01 
   387 :  1.6454874e+01 -1.2924954e+01 
   388 : -1.3345147e+01 -1.7349161e+01 
   389 :  1.7166351e+01 -1.5989961e+01 
   390 : -1.6405315e+01 -1.4448881e+01 
   391 : -1.5600800e+01 -1.2787774e+01 
   392 : -1.6756719e+01 -1.1380635e+01 
   393 : -1.5128407e+01 -1.1050969e+01 
   394 : -1.6404340e+01 -9.5076924e+00 
   395 : -1.7873657e+01 -1.0036925e+01 
   396 : -1.3825455e+01 -1.2341724e+01 
   397 :  2.3258811e+01 -4.4511547e-01 
   398 : -2.1372887e+01 -9.5457819e+00 
   399 :  5.0806454e-01  2.3466476e+01 
   400 :  1.1130113e+01  1.8704215e+01 
   401 :  5.5113436e+00 -2.1119338e+01 
   402 : -2.1112622e+01  5.4824550e+00 
   403 : -5.5887355e+00 -2.1176912e+01 
   404 : -6.9336267e+00 -2.0542011e+01 
   405 :  2.2092934e+01 -2.1965880e+00 
   406 :  2.1046662e+01 -2.8207586e+00 
   407 :  2.2060507e+01 -3.4805267e+00 
   408 :  2.0893541e+01 -4.0672431e+00 
   409 :  2.1925993e+01 -4.7983619e+00 
   410 :  2.0767128e+01 -5.4093882e+00 
   411 :  1.9631325e+01 -4.6263843e+00 
   412 :  1.9535627e+01 -6.0206115e+00 
   413 :  2.0686646e+01 -6.7484101e+00 
   414 :  1.9164103e+01  6.2971050e+00 
   415 :  1.8325105e+01 -5.2265230e+00 
   416 :  1.8163124e+01 -6.8691205e+00 
   417 :  5.2557502e+00  2.1359867e+01 
   418 :  1.5645190e+01 -8.4838553e+00 
   419 :  1.9032892e+01  1.0957686e+01 
   420 : -1.2846808e+01 -1.5341609e+01 
   421 : -2.1807167e+01 -3.4334708e+00 
   422 : -1.7382537e+01 -6.0850345e+00 
   423 : -1.8282137e+01 -4.3350546e+00 
   424 :  1.9268279e+01 -1.3506023e+01 
   425 : -1.7039269e+00  1.7091538e+01 
   426 :  1.3363581e+01 -1.2681851e+01 
   427 :  2.1363647e+01  1.4793778e+01 
   428 :  1.4907708e+01  2.1602624e+01 
   429 :  1.8067027e+01  1.8677360e+01 
   430 :  1.0406708e+01  2.4095670e+01 
   431 : -1.0341679e+01  2.3839273e+01 
   432 : -1.4253312e+01  2.2039927e+01 
   433 :  5.4921548e+00 -2.5398769e+01 
   434 : -2.5663201e+01  5.5059689e+00 
   435 : -5.5059659e+00 -2.5663186e+01 
   436 : -2.5398769e+01 -5.4921548e+00 
   437 : -1.4076102e+01 -2.1843182e+01 
   438 : -2.1843182e+01  1.4076102e+01 
   439 : -2.2039731e+01 -1.4253182e+01 
   440 :  1.4244397e+01 -2.2026584e+01 
   441 :  1.0341679e+01 -2.3839273e+01 
   442 :  2.1843182e+01 -1.4076102e+01 
   443 : -2.4095915e+01  1.0406810e+01 
   444 : -2.3839273e+01 -1.0341679e+01 
   445 : -3.9353105e-01 -2.6244245e+01 
   446 : -2.5982205e+01 -4.3157043e-01 
   447 : -1.0406815e+01 -2.4095929e+01 
   448 : -1.8067027e+01 -1.8677360e+01 
   449 :  1.8278990e+01 -1.8835527e+01 
   450 : -1.8279215e+01  1.8835752e+01 
   451 :  5.5059142e+00  2.5662926e+01 
   452 : -5.4921548e+00  2.5398769e+01 
   453 :  3.9353105e-01  2.6243954e+01 
   454 : -6.0436479e+00  2.0350322e+01 
   455 : -4.5890111e+00  1.9590994e+01 
   456 : -1.4395646e+01 -1.4394099e+01 
   457 : -1.7032630e+01 -7.8392326e+00 
   458 : -1.5284788e+01 -8.0895651e+00 
   459 :  1.3198483e+01  1.5442065e+01 
   460 :  1.5821627e+01  1.2751453e+01 
   461 :  1.8453440e+01 -3.8760951e+00 
   462 : -1.7442364e+01  1.0232386e+01 
   463 : -1.2994325e+01  1.5566857e+01 
   464 : -1.4474135e+01  1.6183487e+01 
   465 : -1.8252669e+00 -2.0205805e+01 
   466 : -9.4306814e-01 -2.1733349e+01 
   467 :  1.7552772e+00 -2.0164864e+01 
   468 : -2.0144409e+01  1.7535063e+00 
   469 : -2.1964339e+01  8.8655988e-01 
   470 : -1.5496056e+01  1.3078216e+01 
   471 :  1.9628318e+01 -1.4634174e+00 
   472 :  1.1290517e+01 -1.8663837e+01 
   473 :  2.1619932e+01  9.6073538e+00 
   474 :  1.3960745e+01 -8.6060144e+00 
   475 :  1.6448071e+01 -7.0129237e+00 
   476 :  1.5024698e+01  1.6114969e+01 
   477 :  1.7304994e+01 -8.4072247e+00 
   478 : -2.1592970e+01 -1.2689887e+00 
   479 :  1.7872261e+01  1.2947347e+01 
   480 : -2.0011841e+01 -3.9826953e+00 
   481 :  1.4716559e+01 -1.8162463e+01 
   482 :  2.0206524e+01  1.5805755e+00 
   483 : -1.9553292e+01 -9.4676625e+00 
   484 :  1.2578412e+01 -1.9674389e+01 
   485 :  1.0350928e+00 -2.1686176e+01 
   486 :  2.3652594e+01  5.1278488e+00 
   487 :  1.7952581e+01  9.6161511e+00 
   488 :  2.7133723e+00 -2.1481689e+01 
   489 : -2.1520578e+01  2.7498469e+00 
   490 : -2.7811265e+00 -2.1504689e+01 
   491 : -1.3170628e+01  1.7326931e+01 
   492 : -1.1730496e+01  1.8625130e+01 
   493 : -1.7132354e+01  1.3298032e+01 
   494 : -1.8789946e+01 -1.1537094e+01 
   495 :  2.0623809e+01 -8.2223165e+00 
   496 :  2.2140635e+01 -8.3456837e+00 
   497 :  1.9834763e+01 -3.3619266e+00 
   498 :  1.6320102e+01  1.4487878e+01 
   499 : -2.0489663e+01  7.9359544e+00 
   500 :  7.9187716e+00 -2.0471549e+01 
   501 :  8.9444161e+00  2.0150092e+01 
   502 : -9.0597625e+00  2.0214202e+01 
   503 :  1.6034061e+01 -1.4868809e+01 
   504 :  4.2628224e+00  1.8961285e+01 
   505 : -1.6006789e+01  1.5006379e+01 
   506 : -1.0213410e+01  1.7560975e+01 
   507 :  1.5714331e+01 -5.5553299e+00 
   508 : -1.8067418e+01  1.1919844e+01 
   509 :  1.9395622e+01  9.4215578e+00 
   510 : -1.1610564e+01 -1.6916513e+01 
   511 :  1.9973242e+01  3.0040271e+00 
   512 :  2.1188173e+01  4.1195298e+00 
   513 :  1.3473853e+01  1.7257206e+01 
   514 :  2.5977004e+01 -5.6171906e+00 
   515 :  2.4377312e+01 -1.0551756e+01 
   516 :  2.6149228e+01  4.7513618e+00 
   517 :  2.6573723e+01 -4.4139567e-01 
   518 :  2.4698528e+01  9.7761175e+00 
   519 : -9.7061908e+00 -1.9341815e+01 
   520 :  5.1685422e+00 -1.9699604e+01 
   521 : -1.9698680e+01  5.1643781e+00 
   522 : -5.2522169e+00 -1.9720045e+01 
   523 : -1.8561108e+01  8.7169177e+00 
   524 : -6.9298599e+00 -1.8945266e+01 
   525 : -1.0043922e+01 -1.7548335e+01 
   526 :  8.4063566e+00 -1.8424155e+01 
   527 :  6.0218331e-01  2.1934844e+01 
   528 :  1.1795445e+01 -1.3628464e+01 
   529 : -2.0473469e+01 -2.4992519e+00 
   530 : -4.7681743e+00  2.1461341e+01 
   531 :  1.0073455e+01  1.7555353e+01 
   532 : -1.2542671e+01 -1.0830044e+01 
   533 : -1.6657316e+01 -4.3225927e+00 
   534 : -1.4610320e+01 -6.6991578e+00 
   535 : -2.9564818e+00  1.6084889e+01 
   536 :  2.9294115e+00  1.6187293e+01 
   537 : -1.2134184e+01 -1.2381904e+01 
   538 :  1.4219426e+01 -1.1396727e+01 
   539 :  5.9070114e+00  1.7010845e+01 
   540 : -5.8709222e+00  1.7081080e+01 
   541 :  2.4450737e+01  1.0603689e+01 
   542 :  2.6207214e+01 -4.7618978e+00 
   543 :  2.6632649e+01  4.4237446e-01 
   544 :  2.6034608e+01  5.6296465e+00 
   545 :  2.4792351e+01 -9.7946404e+00 
   546 :  9.9447512e+00 -1.7676655e+01 
   547 : -1.3786845e+01 -7.9873107e+00 
   548 : -1.0189834e+01  1.9073019e+01 
   549 :  2.0411543e+01 -8.9548908e-01 
   550 :  2.0536305e+01  5.9356854e+00 
   551 :  2.4561872e+01 -1.6448276e-01 
   552 :  3.4430647e+00  1.7632973e+01 
   553 :  2.1833246e+01 -6.1385294e+00 
   554 :  2.3074135e+01 -5.4801344e+00 
   555 :  1.7107369e+01 -5.8069812e+00 
   556 :  1.5660997e+00  1.5776354e+01 
   557 :  2.2369676e+01  3.1237679e+00 
   558 : -1.1344186e+01 -1.5232566e+01 
   559 :  1.1869464e+01 -1.2189219e+01 
   560 : -1.4657980e+01 -9.4605769e+00 
   561 : -1.7516201e+01 -3.1628455e+00 
   562 : -4.5315247e+00  1.8107088e+01 
   563 :  2.3396497e+01 -1.0406454e+01 
   564 :  2.5234992e+01  4.3457473e+00 
   565 :  2.3902296e+01  9.1853478e+00 
   566 :  2.5610619e+01 -6.2050372e-01 
   567 :  2.4977138e+01 -5.6420665e+00 
   568 : -5.0263467e-02  1.7584078e+01 
   569 :  6.9812051e+00  2.0798771e+01 
   570 :  2.2567113e+01  4.6172389e+00 
   571 :  2.3413108e+00  2.1635182e+01 
   572 :  2.0345968e+01 -1.9639538e-02 
   573 :  2.2848258e+01  9.2797487e+00 
   574 : -1.5985524e+01 -6.8987949e+00 
   575 :  2.1935574e+01  1.4143259e+01 
   576 :  1.8753206e+01  1.8150408e+01 
   577 : -2.6085020e+01  4.2104339e-01 
   578 :  4.6759812e+00 -2.5665948e+01 
   579 : -2.5665927e+01 -4.6759873e+00 
   580 :  2.1460171e+01 -1.4851805e+01 
   581 : -9.5922545e+00  2.4271509e+01 
   582 : -4.6728114e+00  2.5676475e+01 
   583 :  9.5933128e+00 -2.4260532e+01 
   584 : -2.4260503e+01 -9.5933156e+00 
   585 : -2.1454983e+01  1.4842146e+01 
   586 : -1.4842148e+01 -2.1454984e+01 
   587 : -1.8742594e+01 -1.8147165e+01 
   588 :  3.7757002e+00  2.2004256e+01 
   589 : -7.4712265e+00  2.0824307e+01 
   590 :  1.2820062e+01 -9.4783810e+00 
   591 :  1.5803082e+01 -1.6803521e+01 
   592 :  1.9584778e+01 -7.2607027e+00 
   593 :  2.3049215e+01 -1.6758075e+00 
   594 :  2.2665755e+01 -9.5969442e+00 
   595 :  1.3935798e+01 -2.0706053e+01 
   596 :  4.6947940e+00 -2.4253160e+01 
   597 : -2.0469291e+01  1.3829846e+01 
   598 : -2.4814794e+01  7.5895715e-02 
   599 :  9.4383401e+00 -2.2958449e+01 
   600 : -1.3836775e+01 -2.0617412e+01 
   601 : -2.4360098e+01 -4.7735646e+00 
   602 : -1.7596118e+01 -1.7520063e+01 
   603 : -2.2959582e+01 -9.4541745e+00 
   604 : -2.4383636e+01  4.8502068e+00 
   605 : -1.6529306e-14 -2.4861311e+01 
   606 : -1.7578121e+01  1.7637533e+01 
   607 : -9.4531255e+00 -2.2980083e+01 
   608 : -2.3100890e+01  9.4877737e+00 
   609 : -4.8501920e+00 -2.4383562e+01 
   610 : -1.3827671e+01  2.0790367e+01 
   611 :  1.3911934e+01  2.0738530e+01 
   612 :  9.6026671e+00  2.3059924e+01 
   613 :  1.7612661e+01 -1.7571872e+01 
   614 :  1.8147820e+01 -1.2588465e+01 
   615 : -2.0798549e+01 -1.3823375e+01 
   616 :  4.8008288e+00  2.4516327e+01 
   617 : -7.6704080e-02  2.4879858e+01 
   618 :  1.7497382e+01 -3.1448034e+00 
   619 :  1.2545466e+01  1.8346173e+01 
   620 : -1.5518202e+00  1.5702922e+01 
   621 :  2.0684089e+01 -1.3734204e+01 
   622 :  2.0004622e+01 -1.2295321e+01 
   623 : -1.8956846e+01  1.0573076e+01 
   624 :  2.0626622e+01  1.3848497e+01 
   625 : -1.3072139e+01 -1.3623202e+01 
   626 :  9.6596225e+00  2.4349562e+01 
   627 :  1.4223408e+01  2.1996249e+01 
   628 : -2.4357804e+01  9.6366641e+00 
   629 :  4.6999401e+00  2.5771412e+01 
   630 : -2.5744929e+01  4.7098266e+00 
   631 : -4.7098230e+00 -2.5744911e+01 
   632 : -1.4877153e+01  2.1558547e+01 
   633 : -9.6297356e+00 -2.4333646e+01 
   634 :  4.0325791e-01 -2.6169082e+01 
   635 : -2.1560144e+01 -1.4876268e+01 
   636 : -1.8789186e+01  1.8230775e+01 
   637 :  1.4896996e+01 -2.1539016e+01 
   638 :  1.8796049e+01 -1.8217598e+01 
   639 : -4.1859873e-01  2.6172733e+01 
   640 : -9.5817107e+00  2.2923651e+01 
   641 :  1.7516498e+01  1.7606174e+01 
   642 : -4.9072927e+00  2.4348558e+01 
   643 : -2.0377757e+01  6.5155916e+00 
   644 :  6.5164693e+00 -2.0376859e+01 
   645 : -1.3851990e+01 -1.0609250e+01 
   646 : -8.2483527e+00 -2.0013976e+01 
   647 :  1.9149437e+01  1.3901663e+01 
   648 :  3.6924991e+00 -2.2898799e+01 
   649 : -2.2937492e+01  3.7576510e+00 
   650 :  2.0124680e+01  7.2287377e+00 
   651 :  2.1673972e+01 -7.3008381e+00 
   652 : -1.8868717e+01  1.3548371e+01 
   653 :  1.3876674e+01 -1.9240764e+01 
   654 : -2.3610545e+01  9.2872254e-01 
   655 :  8.2917300e+00 -2.2125636e+01 
   656 : -2.3354765e+01 -3.7108701e+00 
   657 : -1.3673230e+01 -1.9025193e+01 
   658 : -3.7200609e+00 -2.2886741e+01 
   659 : -8.1538845e+00 -2.1793531e+01 
   660 : -2.1933421e+01 -8.2193096e+00 
   661 : -1.7112003e+01 -1.5995994e+01 
   662 : -3.3150502e+00  1.7312066e+01 
   663 : -9.1941564e-01 -2.3105173e+01 
   664 : -1.5830843e+01  1.6978387e+01 
   665 :  2.4186637e+01 -5.2932567e+00 
   666 :  4.1355332e+00 -2.1171083e+01 
   667 : -2.1175128e+01  4.1396539e+00 
   668 : -1.8086262e+01 -8.7379258e+00 
   669 : -2.2172517e+01  8.3114614e+00 
   670 : -1.2475214e+01  2.0144766e+01 
   671 :  2.3737989e+01 -3.3464740e+00 
   672 :  2.2818759e+01 -4.1898860e+00 
   673 :  2.3933308e+01 -1.2198679e+00 
   674 :  1.3718432e+01  1.9016854e+01 
   675 :  9.7494887e+00  2.1609272e+01 
   676 : -9.8122635e+00  2.1586930e+01 
   677 :  2.2864910e+01 -2.8643845e+00 
   678 : -8.0509843e-01  2.3192437e+01 
   679 :  1.6138085e+01  1.7342232e+01 
   680 : -2.0016426e+01 -1.3341763e+00 
   681 : -5.3387992e+00  2.3043390e+01 
   682 :  3.6706904e+00  2.3399354e+01 
   683 : -2.0204276e+01 -1.2382619e+01 
   684 :  2.4269715e+01  4.3113938e+00 
   685 : -3.3112885e+00  2.0231023e+01 
   686 :  1.4999253e+01 -1.2418161e+01 
   687 :  5.4442858e+00  1.9822627e+01 
   688 :  4.7956804e+00  1.7722949e+01 
   689 :  2.0165273e+01 -2.2679336e+00 
   690 :  1.4182761e+01 -1.6883352e+01 
   691 : -4.2316406e+00 -2.1184044e+01 
   692 : -1.2437816e+01 -1.8367101e+01 
   693 :  9.9020554e+00  1.9118291e+01 
   694 :  2.2949603e+01  5.8407925e+00 
   695 :  2.0431937e+01  9.9537819e+00 
   696 : -2.0513371e+01 -8.3967881e+00 
   697 : -1.5713601e+01 -1.5666309e+01 
   698 :  1.3710317e+01 -1.0259353e+01 
   699 :  2.0354800e+01  8.2781152e-01 
Number of edges 242 
     0 :      0      1 
     1 :      2      0 
     2 :      3      4 
     3 :      4      5 
     4 :      5      6 
     5 :      6      7 
     6 :      7      8 
     7 :      8      9 
     8 :      9     10 
     9 :     10     11 
    10 :     11     12 
    11 :     12     13 
    12 :     13     14 
    13 :     14     15 
    14 :     15     16 
    15 :     16     17 
    16 :     17     18 
    17 :     18     19 
    18 :     19     20 
    19 :     20     21 
    20 :     21     22 
    21 :     22     23 
    22 :     23     24 
    23 :     24     25 
    24 :     25     26 
    25 :     26     27 
    26 :     27     28 
    27 :     28     29 
    28 :     29     30 
    29 :     30     31 
    30 :     31     32 
    31 :     32     33 
    32 :     33     34 
    33 :     34     35 
    34 :     35     36 
    35 :     36     37 
    36 :     37     38 
    37 :     38     39 
    38 :     39     40 
    39 :     40     41 
    40 :     41     42 
    41 :     42     43 
    42 :     43     44 
    43 :     44     45 
    44 :     45     46 
    45 :     46     47 
    46 :     47     48 
    47 :     48     49 
    48 :     49     50 
    49 :     50     51 
    50 :     51     52 
    51 :     52     53 
    52 :     53     54 
    53 :     54     55 
    54 :     55     56 
    55 :     56     57 
    56 :     57     58 
    57 :     58     59 
    58 :     59     60 
    59 :     60     61 
    60 :     61     62 
    61 :     62     63 
    62 :     63     64 
    63 :     64     65 
    64 :     65     66 
    65 :     66     67 
    66 :     67     68 
    67 :     68     69 
    68 :     69     70 
    69 :     70     71 
    70 :     71     72 
    71 :     72     73 
    72 :     73     74 
    73 :     74     75 
    74 :     75     76 
    75 :     76     77 
    76 :     77     78 
    77 :     78     79 
    78 :     79     80 
    79 :     80     81 
    80 :     81     82 
    81 :     82     83 
    82 :     83     84 
    83 :     84     85 
    84 :     85     86 
    85 :     86     87 
    86 :     87     88 
    87 :     88     89 
    88 :     89     90 
    89 :     90     91 
    90 :     91     92 
    91 :     92     93 
    92 :     93     94 
    93 :     94     95 
    94 :     95     96 
    95 :     96     97 
    96 :     97     98 
    97 :     98     99 
    98 :     99    100 
    99 :    100    101 
   100 :    101    102 
   101 :    102    103 
   102 :    103    104 
   103 :    104    105 
   104 :    105    106 
   105 :    106    107 
   106 :    107    108 
   107 :    108    109 
   108 :    109    110 
   109 :    110    111 
   110 :    111    112 
   111 :    112    113 
   112 :    113    114 
   113 :    114    115 
   114 :    115    116 
   115 :    116    117 
   116 :    117    118 
   117 :    118    119 
   118 :    119    120 
   119 :    120    121 
   120 :    121    122 
   121 :    122    123 
   122 :    123    124 
   123 :    124    125 
   124 :    125    126 
   125 :    126    127 
   126 :    127    128 
   127 :    128    129 
   128 :    129    130 
   129 :    130    131 
   130 :    131    132 
   131 :    132    133 
   132 :    133    134 
   133 :    134    135 
   134 :    135    136 
   135 :    136    137 
   136 :    137    138 
   137 :    138    139 
   138 :    139    167 
   139 :    167    140 
   140 :    140    141 
   141 :    141    142 
   142 :    142    168 
   143 :    168    143 
   144 :    143    144 
   145 :    144    169 
   146 :    169    145 
   147 :    145    146 
   148 :    146    147 
   149 :    147    170 
   150 :    170    148 
   151 :    148    149 
   152 :    149    171 
   153 :    171      2 
   154 :      1    172 
   155 :    172    150 
   156 :    150    151 
   157 :    151    173 
   158 :    173    152 
   159 :    152    153 
   160 :    153    154 
   161 :    154    174 
   162 :    174    155 
   163 :    155    156 
   164 :    156    175 
   165 :    175    157 
   166 :    157    158 
   167 :    158    159 
   168 :    159    176 
   169 :    176      3 
   170 :    160    177 
   171 :    177    178 
   172 :    178    179 
   173 :    179    180 
   174 :    180    181 
   175 :    181    182 
   176 :    182    183 
   177 :    183    184 
   178 :    184    185 
   179 :    185    186 
   180 :    186    187 
   181 :    187    188 
   182 :    188    161 
   183 :    160    189 
   184 :    189    190 
   185 :    190    191 
   186 :    191    192 
   187 :    192    193 
   188 :    193    194 
   189 :    194    195 
   190 :    195    196 
   191 :    196    197 
   192 :    197    198 
   193 :    198    162 
   194 :    163    199 
   195 :    199    200 
   196 :    200    201 
   197 :    201    202 
   198 :    202    203 
   199 :    203    204 
   200 :    204    205 
   201 :    205    206 
   202 :    206    207 
   203 :    207    208 
   204 :    208    209 
   205 :    209    162 
   206 :    164    163 
   207 :    164    210 
   208 :    210    211 
   209 :    211    212 
   210 :    212    213 
   211 :    213    214 
   212 :    214    215 
   213 :    215    216 
   214 :    216    217 
   215 :    217    218 
   216 :    218    219 
   217 :    219    165 
   218 :    166    220 
   219 :    220    221 
   220 :    221    222 
   221 :    222    223 
   222 :    223    224 
   223 :    224    225 
   224 :    225    226 
   225 :    226    227 
   226 :    227    228 
   227 :    228    229 
   228 :    229    230 
   229 :    230    231 
   230 :    231    165 
   231 :    166    232 
   232 :    232    233 
   233 :    233    234 
   234 :    234    235 
   235 :    235    236 
   236 :    236    237 
   237 :    237    238 
   238 :    238    239 
   239 :    239    240 
   240 :    240    241 
   241 :    241    161 
Number of triangles 1158 
     0 :    163    329    199
     1 :    214    474    242
     2 :    421    529    478
     3 :    421    478    301
     4 :    156    265    155
     5 :    151    267    150
     6 :    254    494    483
     7 :    415    461    266
     8 :    323    550    512
     9 :    483    494    395
    10 :    284    525    519
    11 :    215    474    214
    12 :    419    479    273
    13 :    519    525    363
    14 :    342    479    419
    15 :    242    474    418
    16 :    258    480    423
    17 :    261    614    387
    18 :    423    561    258
    19 :    285    523    499
    20 :    500    526    283
    21 :    268    650    384
    22 :    248    533    422
    23 :      3    573    334
    24 :    353    478    469
    25 :    387    503    261
    26 :    416    477    306
    27 :    512    550    296
    28 :    356    546    526
    29 :    391    456    396
    30 :    129    613    591
    31 :    461    618    266
    32 :    210    243    164
    33 :    384    509    268
    34 :    396    537    532
    35 :    245    556    386
    36 :    418    475    242
    37 :    143    594    335
    38 :    472    546    356
    39 :    499    523    350
    40 :    243    618    461
    41 :    475    477    416
    42 :    356    526    500
    43 :    386    568    245
    44 :    390    456    391
    45 :    296    414    201
    46 :    273    487    419
    47 :    473    573      3
    48 :    591    613    389
    49 :    457    668    394
    50 :    532    645    396
    51 :    400    531    286
    52 :    496    594    143
    53 :     12    429     11
    54 :      7    427      6
    55 :     57    438     56
    56 :     42    431     41
    57 :     97    437     96
    58 :     82    444     81
    59 :     77    436     76
    60 :    117    433    116
    61 :    137    442    136
    62 :    122    441    121
    63 :     92    448     91
    64 :     72    446     71
    65 :     37    452     36
    66 :    469    478    272
    67 :    454    530    262
    68 :    365    569    501
    69 :    422    533    423
    70 :    522    524    404
    71 :    394    668    395
    72 :    394    458    457
    73 :    253    625    420
    74 :    295    623    352
    75 :    346    485    466
    76 :    310    331    299
    77 :    348    659    646
    78 :    210    618    243
    79 :    129    591    481
    80 :    493    505    316
    81 :    403    522    404
    82 :    385    503    387
    83 :    382    687    417
    84 :    348    646    519
    85 :    399    527    256
    86 :    281    472    330
    87 :    286    619    400
    88 :    466    490    314
    89 :    464    491    313
    90 :    296    550    414
    91 :    501    569    327
    92 :    297    473      3
    93 :    247    496    143
    94 :    352    623    508
    95 :    527    571    256
    96 :    462    623    523
    97 :    440    637    595
    98 :    139    252    138
    99 :    204    487    273
   100 :    312    498    479
   101 :    471    689    549
   102 :    150    551    339
   103 :    363    525    510
   104 :    569    687    327
   105 :    492    548    326
   106 :    420    558    253
   107 :    549    689    333
   108 :    426    538    249
   109 :    319    513    476
   110 :    266    555    415
   111 :    292    551    150
   112 :    213    507    212
   113 :    464    664    505
   114 :    424    614    261
   115 :    479    498    460
   116 :    500    644    321
   117 :    469    489    317
   118 :    327    687    340
   119 :    322    643    499
   120 :    315    488    485
   121 :    466    663    346
   122 :    461    497    243
   123 :    422    574    248
   124 :    206    460    282
   125 :    476    498    369
   126 :    455    562    383
   127 :    331    332    299
   128 :    326    670    492
   129 :    469    654    353
   130 :    472    484    330
   131 :    504    687    382
   132 :    299    397    292
   133 :    387    686    385
   134 :    510    692    363
   135 :      4    297      3
   136 :    465    490    466
   137 :    463    491    464
   138 :    470    505    493
   139 :    164    471    244
   140 :    595    637    128
   141 :    505    664    347
   142 :    149    566    551
   143 :    243    471    164
   144 :    139    302    252
   145 :    316    505    347
   146 :    318    591    503
   147 :    315    485    346
   148 :    523    623    350
   149 :    212    507    266
   150 :    512    570    323
   151 :    181    470    280
   152 :    179    463    271
   153 :    225    465    270
   154 :    267    292    150
   155 :    245    568    425
   156 :    249    559    426
   157 :    306    477    305
   158 :    298    299    292
   159 :    150    339    172
   160 :      3    334    176
   161 :    155    336    174
   162 :    148    337    170
   163 :    143    335    168
   164 :    383    685    455
   165 :    417    588    382
   166 :    462    523    183
   167 :    298    310    299
   168 :    310    572    331
   169 :    201    414    202
   170 :    463    464    271
   171 :    465    466    270
   172 :    460    498    282
   173 :    613    638    133
   174 :    612    626     23
   175 :    617    639     33
   176 :    608    628     63
   177 :    609    631    108
   178 :    616    629     28
   179 :    606    636     53
   180 :    605    634    113
   181 :    604    630     68
   182 :    607    633    103
   183 :    610    632     48
   184 :    615    635     88
   185 :    611    627     18
   186 :    503    591    389
   187 :    470    493    280
   188 :    449    638    613
   189 :    430    626    612
   190 :    453    639    617
   191 :    451    629    616
   192 :    491    492    354
   193 :    439    635    615
   194 :    282    498    476
   195 :    443    628    608
   196 :    435    631    609
   197 :    450    636    606
   198 :    445    634    605
   199 :    428    627    611
   200 :    434    630    604
   201 :    447    633    607
   202 :    432    632    610
   203 :    418    477    475
   204 :    151    291    267
   205 :    423    480    360
   206 :    156    290    265
   207 :    305    477    308
   208 :    278    492    491
   209 :    242    507    213
   210 :     68    649    604
   211 :    324    512    511
   212 :    324    557    512
   213 :    212    266    211
   214 :    551    673    149
   215 :    258    529    480
   216 :    313    491    354
   217 :    360    480    358
   218 :    466    485    270
   219 :    306    592    416
   220 :    321    655    500
   221 :    321    401    344
   222 :    345    402    322
   223 :    351    403    294
   224 :    301    478    353
   225 :    349    350    295
   226 :    476    513    459
   227 :    144    554    247
   228 :    361    696    483
   229 :    300    356    355
   230 :    530    681    262
   231 :    320    363    362
   232 :    202    414    268
   233 :    342    647    479
   234 :    468    489    469
   235 :    205    460    206
   236 :    499    669    322
   237 :    485    488    467
   238 :    388    420    368
   239 :    134    424    261
   240 :    257    671    148
   241 :    264    358    357
   242 :    403    404    294
   243 :    456    625    396
   244 :    325    400    364
   245 :    358    480    421
   246 :    303    495    306
   247 :    203    487    204
   248 :    433    596    578
   249 :    438    597    585
   250 :    557    570    512
   251 :    446    598    577
   252 :    182    462    183
   253 :    521    667    279
   254 :    277    666    520
   255 :    180    470    181
   256 :    178    463    179
   257 :    224    465    225
   258 :    300    472    356
   259 :    269    368    367
   260 :    441    599    583
   261 :    320    519    363
   262 :    436    601    579
   263 :    437    600    586
   264 :    578    596    114
   265 :    585    597     54
   266 :    577    598     69
   267 :    444    603    584
   268 :    583    599    119
   269 :    580    621    134
   270 :    448    602    587
   271 :    579    601     74
   272 :    586    600     94
   273 :    200    296    201
   274 :    202    268    203
   275 :    416    555    475
   276 :    308    477    418
   277 :    425    620    245
   278 :    269    388    368
   279 :    584    603     79
   280 :    373    374    255
   281 :    587    602     89
   282 :    383    425    378
   283 :    359    360    358
   284 :    372    417    263
   285 :    282    476    459
   286 :    374    376    375
   287 :    358    421    357
   288 :    390    391    371
   289 :    422    423    360
   290 :    260    371    370
   291 :    575    624      4
   292 :    199    511    200
   293 :    420    625    456
   294 :    321    344    118
   295 :     64    345    322
   296 :    391    393    392
   297 :     99    348    320
   298 :    315    346    113
   299 :    316    347     53
   300 :    376    378    377
   301 :     59    349    295
   302 :    295    352     58
   303 :    104    351    294
   304 :    301    353     73
   305 :    391    396    393
   306 :    313    354     48
   307 :    361    422    360
   308 :    303    306    305
   309 :    320    362     98
   310 :    300    355    123
   311 :    379    386    381
   312 :    264    359    358
   313 :    376    383    378
   314 :    325    364     18
   315 :    119    321    118
   316 :     99    320     98
   317 :     64    322     63
   318 :    109    314    108
   319 :    114    315    113
   320 :     49    313     48
   321 :     69    317     68
   322 :     54    316     53
   323 :    264    357     78
   324 :     59    295     58
   325 :    104    294    103
   326 :    581    640     39
   327 :     74    301     73
   328 :    260    390    371
   329 :    160    506    177
   330 :    374    375    255
   331 :    576    641      9
   332 :     19    325     18
   333 :     44    326     43
   334 :    582    642     34
   335 :    482    511    199
   336 :    596    648    114
   337 :    406    497    408
   338 :     39    366    262
   339 :    263    365     23
   340 :    420    456    368
   341 :    342    419    297
   342 :    124    300    123
   343 :    261    389    133
   344 :    476    679    319
   345 :    269    367     93
   346 :      9    369    312
   347 :    129    481    128
   348 :    378    379    377
   349 :    614    622    304
   350 :    308    418    343
   351 :    254    398     83
   352 :    376    377    375
   353 :    391    392    371
   354 :     79    264     78
   355 :    260    370     88
   356 :    393    394    392
   357 :    385    426    293
   358 :    254    483    398
   359 :     24    372    263
   360 :     34    373    255
   361 :     29    399    256
   362 :     94    269     93
   363 :    208    459    286
   364 :    282    459    207
   365 :     14    319     13
   366 :      9    312      8
   367 :     89    260     88
   368 :    475    507    242
   369 :    359    361    360
   370 :     39    262     38
   371 :     24    263     23
   372 :    361    457    422
   373 :     34    255     33
   374 :     29    256     28
   375 :    317    654    469
   376 :    278    506    492
   377 :    429    576     11
   378 :    427    575      6
   379 :    437    586     96
   380 :    438    585     56
   381 :    433    578    116
   382 :    436    579     76
   383 :    444    584     81
   384 :    442    580    136
   385 :    431    581     41
   386 :    441    583    121
   387 :    448    587     91
   388 :    446    577     71
   389 :    452    582     36
   390 :    134    261    133
   391 :     84    254     83
   392 :    418    474    343
   393 :    214    242    213
   394 :    390    697    456
   395 :    392    494    371
   396 :    124    484    300
   397 :    395    494    392
   398 :    279    489    468
   399 :    467    488    277
   400 :    468    469    272
   401 :    270    485    467
   402 :    440    595    124
   403 :    262    589    454
   404 :    379    381    380
   405 :    301    656    421
   406 :    518    541    334
   407 :    515    545    335
   408 :    514    542    337
   409 :    517    543    339
   410 :    516    544    336
   411 :    308    343    309
   412 :    408    497    411
   413 :    480    529    421
   414 :    402    643    322
   415 :    321    644    401
   416 :    279    468    187
   417 :    227    467    277
   418 :    188    468    272
   419 :    270    467    226
   420 :    442    621    580
   421 :    369    498    312
   422 :    483    668    361
   423 :    288    506    160
   424 :    108    658    609
   425 :    411    461    415
   426 :    149    673    257
   427 :    103    659    607
   428 :    268    487    203
   429 :    646    659    404
   430 :    396    625    537
   431 :    597    652     54
   432 :    513    674    619
   433 :    290    473    384
   434 :    305    308    307
   435 :    371    494    370
   436 :     33    678    617
   437 :    329    482    199
   438 :    261    503    389
   439 :    511    512    296
   440 :    318    385    293
   441 :    455    530    454
   442 :    281    546    472
   443 :    379    380    377
   444 :    300    484    472
   445 :    394    395    392
   446 :    114    648    315
   447 :    317    649     68
   448 :    431    640    581
   449 :    427    624    575
   450 :    351    691    403
   451 :    429    641    576
   452 :    303    305    304
   453 :    452    642    582
   454 :    308    309    307
   455 :    381    382    380
   456 :    411    497    461
   457 :    464    505    271
   458 :    254    683    494
   459 :    349    499    350
   460 :    331    333    332
   461 :    236    246    235
   462 :    194    245    193
   463 :    239    248    238
   464 :    229    520    283
   465 :    285    521    185
   466 :    186    521    279
   467 :    277    520    228
   468 :    223    522    276
   469 :    217    249    216
   470 :    184    523    285
   471 :    284    524    221
   472 :    191    250    190
   473 :    197    251    196
   474 :    326    548    502
   475 :    356    500    355
   476 :    341    455    454
   477 :    220    525    284
   478 :    267    298    292
   479 :    283    526    230
   480 :    233    253    232
   481 :    338    672    554
   482 :    302    495    303
   483 :    208    286    209
   484 :    206    282    207
   485 :    204    273    205
   486 :    287    293    259
   487 :    493    508    280
   488 :    207    459    208
   489 :    302    496    495
   490 :    161    258    241
   491 :    318    503    385
   492 :    426    528    293
   493 :    449    613    129
   494 :    430    612     19
   495 :    286    531    209
   496 :    453    617     29
   497 :    443    608     59
   498 :    451    616     24
   499 :    435    609    104
   500 :    450    606     49
   501 :    445    605    109
   502 :    434    604     64
   503 :    447    607     99
   504 :    432    610     44
   505 :    439    615     84
   506 :    189    274    160
   507 :    162    275    198
   508 :    428    611     14
   509 :    274    341    328
   510 :    327    340    275
   511 :    165    259    219
   512 :    305    307    304
   513 :    459    513    286
   514 :    396    645    393
   515 :    402    667    521
   516 :    520    666    401
   517 :    658    691    351
   518 :    291    570    557
   519 :    273    460    205
   520 :    184    285    185
   521 :    229    283    230
   522 :    220    284    221
   523 :    186    279    187
   524 :    177    278    178
   525 :    181    280    182
   526 :    227    277    228
   527 :    223    276    224
   528 :    188    272    161
   529 :    179    271    180
   530 :    225    270    226
   531 :    319    674    513
   532 :     54    652    316
   533 :    187    468    188
   534 :    226    467    227
   535 :    148    338    337
   536 :    522    691    276
   537 :    309    387    307
   538 :    335    545    168
   539 :    337    542    170
   540 :    336    544    174
   541 :    339    543    172
   542 :    334    541    176
   543 :    263    569    365
   544 :    501    693    325
   545 :    540    562    341
   546 :    287    318    293
   547 :    412    413    410
   548 :    408    409    407
   549 :    401    666    344
   550 :    345    667    402
   551 :    311    323    265
   552 :    302    303    252
   553 :    290    311    265
   554 :    397    551    292
   555 :    280    462    182
   556 :    278    463    178
   557 :    276    465    224
   558 :    271    470    180
   559 :    381    504    382
   560 :    273    479    460
   561 :    341    454    328
   562 :    274    288    160
   563 :    162    289    275
   564 :    222    524    522
   565 :    425    568    378
   566 :    215    590    474
   567 :    303    304    252
   568 :    455    685    530
   569 :    219    528    218
   570 :    140    515    167
   571 :    145    514    169
   572 :    152    516    173
   573 :      2    517    171
   574 :    157    518    175
   575 :    165    281    259
   576 :    411    415    412
   577 :    408    411    410
   578 :    281    330    287
   579 :    604    649    345
   580 :    250    562    540
   581 :    289    327    275
   582 :    274    328    288
   583 :    289    501    327
   584 :    328    502    288
   585 :    605    663    109
   586 :    606    664     49
   587 :    379    568    386
   588 :    281    287    259
   589 :    510    525    166
   590 :    408    410    409
   591 :    276    490    465
   592 :    278    491    463
   593 :    377    527    375
   594 :    170    542    147
   595 :    174    544    154
   596 :    176    541    159
   597 :    172    543      1
   598 :    168    545    142
   599 :    271    505    470
   600 :    298    324    310
   601 :    415    416    412
   602 :    290    384    311
   603 :    424    622    614
   604 :    314    658    108
   605 :    388    510    420
   606 :    294    659    103
   607 :    332    397    299
   608 :    411    412    410
   609 :    177    506    278
   610 :    406    407    405
   611 :    406    408    407
   612 :    348    519    320
   613 :      4    342    297
   614 :    478    680    272
   615 :    509    695    419
   616 :    280    508    462
   617 :    526    546    231
   618 :    200    511    296
   619 :    495    592    306
   620 :    414    650    268
   621 :    259    528    219
   622 :    359    696    361
   623 :    487    509    419
   624 :    369    679    476
   625 :    255    678     33
   626 :    228    520    229
   627 :    185    521    186
   628 :    419    695    297
   629 :    222    522    223
   630 :    183    523    184
   631 :    221    524    222
   632 :    413    592    495
   633 :    376    685    383
   634 :    166    525    220
   635 :    497    689    243
   636 :    230    526    231
   637 :    155    486    336
   638 :    457    574    422
   639 :    495    651    413
   640 :    456    697    368
   641 :    502    676    326
   642 :    325    675    501
   643 :    164    244    163
   644 :    479    647    312
   645 :    527    678    375
   646 :    340    539    275
   647 :    274    540    341
   648 :    268    509    487
   649 :    383    662    425
   650 :    153    516    152
   651 :      0    517      2
   652 :    141    515    140
   653 :    146    514    145
   654 :    158    518    157
   655 :    109    663    314
   656 :     49    664    313
   657 :    314    663    466
   658 :    313    664    464
   659 :    373    530    374
   660 :    269    657    388
   661 :    413    553    410
   662 :    333    406    405
   663 :    333    405    332
   664 :    260    661    390
   665 :    264    660    359
   666 :    380    527    377
   667 :    547    560    246
   668 :    293    528    259
   669 :    344    666    648
   670 :    649    667    345
   671 :    388    692    510
   672 :    291    557    267
   673 :    496    651    495
   674 :    324    482    310
   675 :    209    531    162
   676 :    343    538    309
   677 :    403    691    522
   678 :    571    588    256
   679 :    173    564    151
   680 :    167    563    139
   681 :    169    567    144
   682 :    171    566    149
   683 :    175    565    156
   684 :    536    552    386
   685 :    238    534    237
   686 :    192    535    191
   687 :    196    536    195
   688 :    235    532    234
   689 :    247    651    496
   690 :    240    533    239
   691 :    386    552    381
   692 :    234    537    233
   693 :    372    588    417
   694 :    198    539    197
   695 :    190    540    189
   696 :    211    618    210
   697 :    139    594    302
   698 :    492    670    354
   699 :    265    694    155
   700 :    393    560    394
   701 :    554    665    338
   702 :    381    552    504
   703 :    458    560    547
   704 :    609    658    351
   705 :    334    565    518
   706 :    335    563    515
   707 :    337    567    514
   708 :    339    566    517
   709 :    336    564    516
   710 :    607    659    348
   711 :    537    625    253
   712 :    394    560    458
   713 :    554    672    409
   714 :    551    566    339
   715 :    231    546    165
   716 :    474    698    343
   717 :    425    662    535
   718 :    248    534    238
   719 :    246    532    235
   720 :    239    533    248
   721 :    617    678    399
   722 :    247    554    553
   723 :    191    535    250
   724 :    251    536    196
   725 :    237    547    236
   726 :    399    678    527
   727 :    233    537    253
   728 :    507    555    266
   729 :    197    539    251
   730 :    250    540    190
   731 :    513    619    286
   732 :    162    531    289
   733 :    325    693    400
   734 :    310    699    572
   735 :    405    677    593
   736 :    267    557    298
   737 :    350    623    295
   738 :    236    547    246
   739 :    385    686    426
   740 :    156    573    290
   741 :    275    539    198
   742 :    189    540    274
   743 :    307    614    304
   744 :    458    574    457
   745 :    671    677    672
   746 :    415    555    416
   747 :    333    689    406
   748 :    471    549    244
   749 :    530    685    374
   750 :    553    554    409
   751 :    243    689    471
   752 :    386    556    536
   753 :    588    682    256
   754 :    426    559    528
   755 :    657    692    388
   756 :    493    652    508
   757 :    194    556    245
   758 :    309    686    387
   759 :    328    589    502
   760 :    486    570    291
   761 :    216    590    215
   762 :    165    546    281
   763 :    217    559    249
   764 :    138    622    621
   765 :    660    696    359
   766 :    661    697    390
   767 :    253    558    232
   768 :    593    677    257
   769 :    473    695    384
   770 :    159    541    158
   771 :      1    543      0
   772 :    154    544    153
   773 :    147    542    146
   774 :    142    545    141
   775 :    258    561    241
   776 :    330    653    481
   777 :    380    571    527
   778 :    416    592    412
   779 :    195    556    194
   780 :    311    550    323
   781 :    290    573    473
   782 :    346    663    605
   783 :    347    664    606
   784 :    324    511    482
   785 :    285    643    521
   786 :    520    644    283
   787 :    232    558    166
   788 :    395    668    483
   789 :    502    548    288
   790 :    218    559    217
   791 :    329    699    482
   792 :    506    548    492
   793 :    562    662    383
   794 :    245    620    193
   795 :    366    589    262
   796 :    481    690    330
   797 :    502    589    366
   798 :    297    695    473
   799 :    378    568    379
   800 :    410    553    409
   801 :    417    569    263
   802 :    532    537    234
   803 :    288    548    506
   804 :    421    656    357
   805 :    338    665    337
   806 :    355    599    123
   807 :    353    598     73
   808 :    352    597     58
   809 :    344    596    118
   810 :    357    601     78
   811 :    398    603     83
   812 :    241    561    240
   813 :    362    600     98
   814 :    367    602     93
   815 :    166    558    510
   816 :    534    547    237
   817 :    458    547    534
   818 :    344    648    596
   819 :    341    562    455
   820 :    426    686    538
   821 :    266    618    211
   822 :    134    621    424
   823 :    494    683    370
   824 :    405    593    332
   825 :    475    555    507
   826 :    161    680    258
   827 :    244    329    163
   828 :    384    695    509
   829 :    536    556    195
   830 :    302    594    496
   831 :    349    669    499
   832 :    590    698    474
   833 :    417    687    569
   834 :    508    652    352
   835 :    352    652    597
   836 :    382    571    380
   837 :    528    559    218
   838 :    240    561    533
   839 :      8    624    427
   840 :    406    689    497
   841 :    138    621    442
   842 :    331    549    333
   843 :     39    640    366
   844 :    484    653    330
   845 :    486    684    336
   846 :    529    680    478
   847 :      9    641    369
   848 :     34    642    373
   849 :    251    552    536
   850 :    298    557    324
   851 :    533    561    423
   852 :    284    646    524
   853 :    400    619    364
   854 :     43    640    431
   855 :    510    558    420
   856 :    538    698    249
   857 :    486    694    570
   858 :    500    655    355
   859 :     13    641    429
   860 :     38    642    452
   861 :    124    595    484
   862 :     69    654    317
   863 :    119    655    321
   864 :    151    684    291
   865 :     74    656    301
   866 :    397    673    551
   867 :    535    620    425
   868 :    531    693    289
   869 :     94    657    269
   870 :    413    651    553
   871 :     79    660    264
   872 :    192    620    535
   873 :    400    693    531
   874 :     89    661    260
   875 :    312    647      8
   876 :    249    590    216
   877 :    258    680    529
   878 :    481    653    128
   879 :    118    596    433
   880 :    322    669     63
   881 :     58    597    438
   882 :     73    598    446
   883 :    123    599    441
   884 :     78    601    436
   885 :     98    600    437
   886 :    454    589    328
   887 :     44    670    326
   888 :     83    603    444
   889 :     93    602    448
   890 :    389    613    133
   891 :    363    692    362
   892 :    365    612     23
   893 :    287    690    318
   894 :     19    675    325
   895 :    326    676     43
   896 :     59    608    349
   897 :    104    609    351
   898 :    347    606     53
   899 :    346    605    113
   900 :     64    604    345
   901 :     99    607    348
   902 :    252    622    138
   903 :    354    610     48
   904 :    158    541    518
   905 :      0    543    517
   906 :    153    544    516
   907 :    146    542    514
   908 :    141    545    515
   909 :    155    694    486
   910 :     29    617    399
   911 :     24    616    372
   912 :    565    573    156
   913 :    364    611     18
   914 :    370    615     88
   915 :    501    675    365
   916 :    366    676    502
   917 :    193    620    192
   918 :     14    674    319
   919 :    368    697    367
   920 :    374    685    376
   921 :    319    679     13
   922 :    499    643    285
   923 :    412    592    413
   924 :    373    681    530
   925 :    283    644    500
   926 :    262    681     38
   927 :    256    682     28
   928 :     84    683    254
   929 :    340    688    539
   930 :    332    593    397
   931 :    311    650    550
   932 :    490    691    658
   933 :      4    624    342
   934 :    330    690    287
   935 :    552    688    504
   936 :    404    659    294
   937 :    387    614    307
   938 :    483    696    398
   939 :    409    672    407
   940 :    534    574    458
   941 :    549    572    244
   942 :    672    677    407
   943 :    375    678    255
   944 :    519    646    284
   945 :     16    428     15
   946 :     21    430     20
   947 :     46    432     45
   948 :     61    443     60
   949 :     51    450     50
   950 :    101    447    100
   951 :    131    449    130
   952 :    111    445    110
   953 :    126    440    125
   954 :     86    439     85
   955 :     66    434     65
   956 :    106    435    105
   957 :     26    451     25
   958 :     31    453     30
   959 :    323    694    265
   960 :    361    668    457
   961 :    563    594    139
   962 :    490    658    314
   963 :    291    684    486
   964 :    401    644    520
   965 :    521    643    402
   966 :    315    648    488
   967 :    489    649    317
   968 :    621    622    424
   969 :    304    622    252
   970 :    504    688    340
   971 :    279    667    489
   972 :    488    666    277
   973 :    248    574    534
   974 :      8    647    624
   975 :    407    677    405
   976 :    148    671    338
   977 :    553    651    247
   978 :    482    699    310
   979 :    508    623    462
   980 :    570    694    323
   981 :    550    650    414
   982 :    671    672    338
   983 :    539    688    251
   984 :    244    572    329
   985 :    393    645    560
   986 :    336    684    564
   987 :    316    652    493
   988 :    272    680    161
   989 :    144    665    554
   990 :    340    687    504
   991 :    384    650    311
   992 :     43    676    640
   993 :    289    693    501
   994 :     13    679    641
   995 :     38    681    642
   996 :    276    691    490
   997 :    337    665    567
   998 :    251    688    552
   999 :    515    563    167
  1000 :    514    567    169
  1001 :    518    565    175
  1002 :    516    564    173
  1003 :    517    566    171
  1004 :    619    674    364
  1005 :    331    572    549
  1006 :    382    588    571
  1007 :    246    645    532
  1008 :    648    666    488
  1009 :    489    667    649
  1010 :    334    573    565
  1011 :    524    646    404
  1012 :    560    645    246
  1013 :    257    673    593
  1014 :    535    662    250
  1015 :    318    690    591
  1016 :     71    577     70
  1017 :     11    576     10
  1018 :     76    579     75
  1019 :     36    582     35
  1020 :      6    575      5
  1021 :    116    578    115
  1022 :     41    581     40
  1023 :    136    580    135
  1024 :    121    583    120
  1025 :     81    584     80
  1026 :     56    585     55
  1027 :     96    586     95
  1028 :     91    587     90
  1029 :    624    647    342
  1030 :    343    698    538
  1031 :    538    686    309
  1032 :    362    692    657
  1033 :    398    696    660
  1034 :    367    697    661
  1035 :    335    594    563
  1036 :    640    676    366
  1037 :    641    679    369
  1038 :     16    627    428
  1039 :     21    626    430
  1040 :     61    628    443
  1041 :    111    634    445
  1042 :     66    630    434
  1043 :    106    631    435
  1044 :     46    632    432
  1045 :     86    635    439
  1046 :    101    633    447
  1047 :    131    638    449
  1048 :    126    637    440
  1049 :     51    636    450
  1050 :     26    629    451
  1051 :     31    639    453
  1052 :    250    662    562
  1053 :    642    681    373
  1054 :    608    669    349
  1055 :    354    670    610
  1056 :    364    674    611
  1057 :    365    675    612
  1058 :    372    682    588
  1059 :    370    683    615
  1060 :    616    682    372
  1061 :    567    665    144
  1062 :    595    653    484
  1063 :     63    669    608
  1064 :    610    670     44
  1065 :    612    675     19
  1066 :    611    674     14
  1067 :     28    682    616
  1068 :    615    683     84
  1069 :    128    653    595
  1070 :    598    654     69
  1071 :    564    684    151
  1072 :    599    655    119
  1073 :    600    657     94
  1074 :    601    656     74
  1075 :    602    661     89
  1076 :    603    660     79
  1077 :    353    654    598
  1078 :    355    655    599
  1079 :    593    673    397
  1080 :    257    677    671
  1081 :    357    656    601
  1082 :    362    657    600
  1083 :     22    626     21
  1084 :     62    628     61
  1085 :     67    630     66
  1086 :     27    629     26
  1087 :     87    635     86
  1088 :    107    631    106
  1089 :     17    627     16
  1090 :    112    634    111
  1091 :    102    633    101
  1092 :    132    638    131
  1093 :     52    636     51
  1094 :    127    637    126
  1095 :     47    632     46
  1096 :     32    639     31
  1097 :    367    661    602
  1098 :    398    660    603
  1099 :    591    690    481
  1100 :    572    699    329
  1101 :    249    698    590
  1102 :      5    575      4
  1103 :     10    576      9
  1104 :     15    428     14
  1105 :     18    627     17
  1106 :     20    430     19
  1107 :     23    626     22
  1108 :     25    451     24
  1109 :     28    629     27
  1110 :     30    453     29
  1111 :     33    639     32
  1112 :     35    582     34
  1113 :     40    581     39
  1114 :     45    432     44
  1115 :     48    632     47
  1116 :     50    450     49
  1117 :     53    636     52
  1118 :     55    585     54
  1119 :     60    443     59
  1120 :     63    628     62
  1121 :     65    434     64
  1122 :     68    630     67
  1123 :     70    577     69
  1124 :     75    579     74
  1125 :     80    584     79
  1126 :     85    439     84
  1127 :     88    635     87
  1128 :     90    587     89
  1129 :     95    586     94
  1130 :    100    447     99
  1131 :    103    633    102
  1132 :    105    435    104
  1133 :    108    631    107
  1134 :    110    445    109
  1135 :    113    634    112
  1136 :    115    578    114
  1137 :    120    583    119
  1138 :    125    440    124
  1139 :    128    637    127
  1140 :    130    449    129
  1141 :    133    638    132
  1142 :    135    580    134
  1143 :      8    427      7
  1144 :     13    429     12
  1145 :     38    452     37
  1146 :     43    431     42
  1147 :     58    438     57
  1148 :     73    446     72
  1149 :     78    436     77
  1150 :     83    444     82
  1151 :     93    448     92
  1152 :     98    437     97
  1153 :    118    433    117
  1154 :    123    441    122
  1155 :    138    442    137
  1156 :    144    247    143
  1157 :    149    257    148
Number of domains 3
  Domain :      0 
  Name : Free
  Number of elements :    166
     0     1     2     3     4     5     6     7     8     9
    10    11    12    13    14    15    16    17    18    19
    20    21    22    23    24    25    26    27    28    29
    30    31    32    33    34    35    36    37    38    39
    40    41    42    43    44    45    46    47    48    49
    50    51    52    53    54    55    56    57    58    59
    60    61    62    63    64    65    66    67    68    69
    70    71    72    73    74    75    76    77    78    79
    80    81    82    83    84    85    86    87    88    89
    90    91    92    93    94    95    96    97    98    99
   100   101   102   103   104   105   106   107   108   109
   110   111   112   113   114   115   116   117   118   119
   120   121   122   123   124   125   126   127   128   129
   130   131   132   133   134   135   136   137   138   139
   140   141   142   143   144   145   146   147   148   149
   150   151   152   153   154   155   156   157   158   159
   160   163   164   165   166   167
  Domain :      1 
  Name : Inner
  Number of elements :     72
   170   171   172   173   174   175   176   177   178   179
   180   181   182   183   184   185   186   187   188   189
   190   191   192   193   194   195   196   197   198   199
   200   201   202   203   204   205   206   207   208   209
   210   211   212   213   214   215   216   217   218   219
   220   221   222   223   224   225   226   227   228   229
   230   231   232   233   234   235   236   237   238   239
   240   241
  Domain :      2 
  Name : Force
  Number of elements :      4
   161   162   168   169
