Number of nodes 857 
     0 :  2.7400000e+01 -8.3655305e-15 
     1 :  2.7384885e+01  9.0998959e-01 
     2 :  2.7384885e+01 -9.0998959e-01 
     3 :  2.2481425e+01  1.0935517e+01 
     4 :  2.1582560e+01  1.2617174e+01 
     5 :  2.3275263e+01  1.4457598e+01 
     6 :  2.2782267e+01  1.5222624e+01 
     7 :  2.2264136e+01  1.5970856e+01 
     8 :  1.9916037e+01  1.5111302e+01 
     9 :  1.8706369e+01  1.6585288e+01 
    10 :  2.0007498e+01  1.8720578e+01 
    11 :  1.9374726e+01  1.9374726e+01 
    12 :  1.8720578e+01  2.0007498e+01 
    13 :  1.6585288e+01  1.8706369e+01 
    14 :  1.5111302e+01  1.9916037e+01 
    15 :  1.5970856e+01  2.2264136e+01 
    16 :  1.5222624e+01  2.2782267e+01 
    17 :  1.4457598e+01  2.3275263e+01 
    18 :  1.2617174e+01  2.1582560e+01 
    19 :  1.0935517e+01  2.2481425e+01 
    20 :  1.1320462e+01  2.4952097e+01 
    21 :  1.0485526e+01  2.5314299e+01 
    22 :  9.6390210e+00  2.5648573e+01 
    23 :  8.1641902e+00  2.3629346e+01 
    24 :  6.3394852e+00  2.4182864e+01 
    25 :  6.2350304e+00  2.6681162e+01 
    26 :  5.3454748e+00  2.6873517e+01 
    27 :  4.4500216e+00  2.7036222e+01 
    28 :  3.3974609e+00  2.4768069e+01 
    29 :  1.4998310e+00  2.4954970e+01 
    30 :  9.0998959e-01  2.7384885e+01 
    31 :  1.5210055e-15  2.7400000e+01 
    32 : -9.0998959e-01  2.7384885e+01 
    33 : -1.4998310e+00  2.4954970e+01 
    34 : -3.3974609e+00  2.4768069e+01 
    35 : -4.4500216e+00  2.7036222e+01 
    36 : -5.3454748e+00  2.6873517e+01 
    37 : -6.2350304e+00  2.6681162e+01 
    38 : -6.3394852e+00  2.4182864e+01 
    39 : -8.1641902e+00  2.3629346e+01 
    40 : -9.6390210e+00  2.5648573e+01 
    41 : -1.0485526e+01  2.5314299e+01 
    42 : -1.1320462e+01  2.4952097e+01 
    43 : -1.0935517e+01  2.2481425e+01 
    44 : -1.2617174e+01  2.1582560e+01 
    45 : -1.4457598e+01  2.3275263e+01 
    46 : -1.5222624e+01  2.2782267e+01 
    47 : -1.5970856e+01  2.2264136e+01 
    48 : -1.5111302e+01  1.9916037e+01 
    49 : -1.6585288e+01  1.8706369e+01 
    50 : -1.8720578e+01  2.0007498e+01 
    51 : -1.9374726e+01  1.9374726e+01 
    52 : -2.0007498e+01  1.8720578e+01 
    53 : -1.8706369e+01  1.6585288e+01 
    54 : -1.9916037e+01  1.5111302e+01 
    55 : -2.2264136e+01  1.5970856e+01 
    56 : -2.2782267e+01  1.5222624e+01 
    57 : -2.3275263e+01  1.4457598e+01 
    58 : -2.1582560e+01  1.2617174e+01 
    59 : -2.2481425e+01  1.0935517e+01 
    60 : -2.4952097e+01  1.1320462e+01 
    61 : -2.5314299e+01  1.0485526e+01 
    62 : -2.5648573e+01  9.6390210e+00 
    63 : -2.3629346e+01  8.1641902e+00 
    64 : -2.4182864e+01  6.3394852e+00 
    65 : -2.6681162e+01  6.2350304e+00 
    66 : -2.6873517e+01  5.3454748e+00 
    67 : -2.7036222e+01  4.4500216e+00 
    68 : -2.4768069e+01  3.3974609e+00 
    69 : -2.4954970e+01  1.4998310e+00 
    70 : -2.7384885e+01  9.0998959e-01 
    71 : -2.7400000e+01  1.5210055e-15 
    72 : -2.7384885e+01 -9.0998959e-01 
    73 : -2.4954970e+01 -1.4998310e+00 
    74 : -2.4768069e+01 -3.3974609e+00 
    75 : -2.7036222e+01 -4.4500216e+00 
    76 : -2.6873517e+01 -5.3454748e+00 
    77 : -2.6681162e+01 -6.2350304e+00 
    78 : -2.4182864e+01 -6.3394852e+00 
    79 : -2.3629346e+01 -8.1641902e+00 
    80 : -2.5648573e+01 -9.6390210e+00 
    81 : -2.5314299e+01 -1.0485526e+01 
    82 : -2.4952097e+01 -1.1320462e+01 
    83 : -2.2481425e+01 -1.0935517e+01 
    84 : -2.1582560e+01 -1.2617174e+01 
    85 : -2.3275263e+01 -1.4457598e+01 
    86 : -2.2782267e+01 -1.5222624e+01 
    87 : -2.2264136e+01 -1.5970856e+01 
    88 : -1.9916037e+01 -1.5111302e+01 
    89 : -1.8706369e+01 -1.6585288e+01 
    90 : -2.0007498e+01 -1.8720578e+01 
    91 : -1.9374726e+01 -1.9374726e+01 
    92 : -1.8720578e+01 -2.0007498e+01 
    93 : -1.6585288e+01 -1.8706369e+01 
    94 : -1.5111302e+01 -1.9916037e+01 
    95 : -1.5970856e+01 -2.2264136e+01 
    96 : -1.5222624e+01 -2.2782267e+01 
    97 : -1.4457598e+01 -2.3275263e+01 
    98 : -1.2617174e+01 -2.1582560e+01 
    99 : -1.0935517e+01 -2.2481425e+01 
   100 : -1.1320462e+01 -2.4952097e+01 
   101 : -1.0485526e+01 -2.5314299e+01 
   102 : -9.6390210e+00 -2.5648573e+01 
   103 : -8.1641902e+00 -2.3629346e+01 
   104 : -6.3394852e+00 -2.4182864e+01 
   105 : -6.2350304e+00 -2.6681162e+01 
   106 : -5.3454748e+00 -2.6873517e+01 
   107 : -4.4500216e+00 -2.7036222e+01 
   108 : -3.3974609e+00 -2.4768069e+01 
   109 : -1.4998310e+00 -2.4954970e+01 
   110 : -9.0998959e-01 -2.7384885e+01 
   111 : -5.3235194e-15 -2.7400000e+01 
   112 :  9.0998959e-01 -2.7384885e+01 
   113 :  1.4998310e+00 -2.4954970e+01 
   114 :  3.3974609e+00 -2.4768069e+01 
   115 :  4.4500216e+00 -2.7036222e+01 
   116 :  5.3454748e+00 -2.6873517e+01 
   117 :  6.2350304e+00 -2.6681162e+01 
   118 :  6.3394852e+00 -2.4182864e+01 
   119 :  8.1641902e+00 -2.3629346e+01 
   120 :  9.6390210e+00 -2.5648573e+01 
   121 :  1.0485526e+01 -2.5314299e+01 
   122 :  1.1320462e+01 -2.4952097e+01 
   123 :  1.0935517e+01 -2.2481425e+01 
   124 :  1.2617174e+01 -2.1582560e+01 
   125 :  1.4457598e+01 -2.3275263e+01 
   126 :  1.5222624e+01 -2.2782267e+01 
   127 :  1.5970856e+01 -2.2264136e+01 
   128 :  1.5111302e+01 -1.9916037e+01 
   129 :  1.6585288e+01 -1.8706369e+01 
   130 :  1.8720578e+01 -2.0007498e+01 
   131 :  1.9374726e+01 -1.9374726e+01 
   132 :  2.0007498e+01 -1.8720578e+01 
   133 :  1.8706369e+01 -1.6585288e+01 
   134 :  1.9916037e+01 -1.5111302e+01 
   135 :  2.2264136e+01 -1.5970856e+01 
   136 :  2.2782267e+01 -1.5222624e+01 
   137 :  2.3275263e+01 -1.4457598e+01 
   138 :  2.1582560e+01 -1.2617174e+01 
   139 :  2.2481425e+01 -1.0935517e+01 
   140 :  2.4952097e+01 -1.1320462e+01 
   141 :  2.5314299e+01 -1.0485526e+01 
   142 :  2.5648573e+01 -9.6390210e+00 
   143 :  2.3629346e+01 -8.1641902e+00 
   144 :  2.4182864e+01 -6.3394852e+00 
   145 :  2.6681162e+01 -6.2350304e+00 
   146 :  2.6873517e+01 -5.3454748e+00 
   147 :  2.7036222e+01 -4.4500216e+00 
   148 :  2.4768069e+01 -3.3974609e+00 
   149 :  2.4954970e+01 -1.4998310e+00 
   150 :  2.4954970e+01  1.4998310e+00 
   151 :  2.4768069e+01  3.3974609e+00 
   152 :  2.7036222e+01  4.4500216e+00 
   153 :  2.6873517e+01  5.3454748e+00 
   154 :  2.6681162e+01  6.2350304e+00 
   155 :  2.4182864e+01  6.3394852e+00 
   156 :  2.3629346e+01  8.1641902e+00 
   157 :  2.5648573e+01  9.6390210e+00 
   158 :  2.5314299e+01  1.0485526e+01 
   159 :  2.4952097e+01  1.1320462e+01 
   160 : -8.7039614e+00  1.6720154e+01 
   161 : -1.8832059e+01 -8.2222545e-01 
   162 :  8.7039614e+00  1.6720154e+01 
   163 :  1.8850000e+01  0.0000000e+00 
   164 :  1.8832059e+01 -8.2222545e-01 
   165 :  1.0128098e+01 -1.5897929e+01 
   166 : -1.0128098e+01 -1.5897929e+01 
   167 :  2.3844922e+01 -1.1323222e+01 
   168 :  2.4867663e+01 -8.8542018e+00 
   169 :  2.5595800e+01 -6.4537357e+00 
   170 :  2.6117207e+01 -3.8326304e+00 
   171 :  2.6363045e+01 -1.3362362e+00 
   172 :  2.6363081e+01  1.3362269e+00 
   173 :  2.6117173e+01  3.8326142e+00 
   174 :  2.5595837e+01  6.4537337e+00 
   175 :  2.4867633e+01  8.8541793e+00 
   176 :  2.3844959e+01  1.1323227e+01 
   177 : -9.7397831e+00  1.6138746e+01 
   178 : -1.0736929e+01  1.5493252e+01 
   179 : -1.1691439e+01  1.4786235e+01 
   180 : -1.2599523e+01  1.4020503e+01 
   181 : -1.3457575e+01  1.3199097e+01 
   182 : -1.4262189e+01  1.2325278e+01 
   183 : -1.5010168e+01  1.1402516e+01 
   184 : -1.5698542e+01  1.0434475e+01 
   185 : -1.6324579e+01  9.4250000e+00 
   186 : -1.6885792e+01  8.3780987e+00 
   187 : -1.7379952e+01  7.2979285e+00 
   188 : -1.7805098e+01  6.1887788e+00 
   189 : -1.8159541e+01  5.0550538e+00 
   190 : -1.8441874e+01  3.9012555e+00 
   191 : -1.8650975e+01  2.7319655e+00 
   192 : -1.8786014e+01  1.5518272e+00 
   193 : -1.8846456e+01  3.6552660e-01 
   194 : -7.6168614e+00  1.6197747e+01 
   195 : -6.4985780e+00  1.5745931e+01 
   196 : -5.3536892e+00  1.5366556e+01 
   197 : -4.1868824e+00  1.5061176e+01 
   198 : -3.0029345e+00  1.4831040e+01 
   199 : -1.8066924e+00  1.4677090e+01 
   200 : -6.0305378e-01  1.4599957e+01 
   201 :  6.0305378e-01  1.4599957e+01 
   202 :  1.8066924e+00  1.4677090e+01 
   203 :  3.0029345e+00  1.4831040e+01 
   204 :  4.1868824e+00  1.5061176e+01 
   205 :  5.3536892e+00  1.5366556e+01 
   206 :  6.4985780e+00  1.5745931e+01 
   207 :  7.6168614e+00  1.6197747e+01 
   208 :  1.8811207e+01  1.2087090e+00 
   209 :  1.8694989e+01  2.4124430e+00 
   210 :  1.8501824e+01  3.6062476e+00 
   211 :  1.8232506e+01  4.7852091e+00 
   212 :  1.7888145e+01  5.9444751e+00 
   213 :  1.7470157e+01  7.0792740e+00 
   214 :  1.6980263e+01  8.1849351e+00 
   215 :  1.6420480e+01  9.2569076e+00 
   216 :  1.5793111e+01  1.0290779e+01 
   217 :  1.5100739e+01  1.1282295e+01 
   218 :  1.4346213e+01  1.2227373e+01 
   219 :  1.3532640e+01  1.3122125e+01 
   220 :  1.2663367e+01  1.3962867e+01 
   221 :  1.1741972e+01  1.4746138e+01 
   222 :  1.0772248e+01  1.5468716e+01 
   223 :  9.7581869e+00  1.6127625e+01 
   224 :  1.7836091e+01 -1.5024780e+00 
   225 :  1.6885665e+01 -2.2450320e+00 
   226 :  1.5984673e+01 -3.0468473e+00 
   227 :  1.5136802e+01 -3.9046414e+00 
   228 :  1.4345524e+01 -4.8149023e+00 
   229 :  1.3614079e+01 -5.7739035e+00 
   230 :  1.2945461e+01 -6.7777188e+00 
   231 :  1.2342407e+01 -7.8222386e+00 
   232 :  1.1807387e+01 -8.9031866e+00 
   233 :  1.1342590e+01 -1.0016137e+01 
   234 :  1.0949920e+01 -1.1156534e+01 
   235 :  1.0630984e+01 -1.2319709e+01 
   236 :  1.0387087e+01 -1.3500899e+01 
   237 :  1.0219230e+01 -1.4695269e+01 
   238 : -9.1066725e+00 -1.6504273e+01 
   239 : -8.0490854e+00 -1.7045079e+01 
   240 : -6.9595359e+00 -1.7518201e+01 
   241 : -5.8423505e+00 -1.7921759e+01 
   242 : -4.7019656e+00 -1.8254151e+01 
   243 : -3.5429094e+00 -1.8514057e+01 
   244 : -2.3697846e+00 -1.8700444e+01 
   245 : -1.1872496e+00 -1.8812574e+01 
   246 : -2.0204852e-14 -1.8850000e+01 
   247 :  1.1872496e+00 -1.8812574e+01 
   248 :  2.3697846e+00 -1.8700444e+01 
   249 :  3.5429094e+00 -1.8514057e+01 
   250 :  4.7019656e+00 -1.8254151e+01 
   251 :  5.8423505e+00 -1.7921759e+01 
   252 :  6.9595359e+00 -1.7518201e+01 
   253 :  8.0490854e+00 -1.7045079e+01 
   254 :  9.1066725e+00 -1.6504273e+01 
   255 : -1.0219230e+01 -1.4695269e+01 
   256 : -1.0387087e+01 -1.3500899e+01 
   257 : -1.0630984e+01 -1.2319709e+01 
   258 : -1.0949920e+01 -1.1156534e+01 
   259 : -1.1342590e+01 -1.0016137e+01 
   260 : -1.1807387e+01 -8.9031866e+00 
   261 : -1.2342407e+01 -7.8222386e+00 
   262 : -1.2945461e+01 -6.7777188e+00 
   263 : -1.3614079e+01 -5.7739035e+00 
   264 : -1.4345524e+01 -4.8149023e+00 
   265 : -1.5136802e+01 -3.9046414e+00 
   266 : -1.5984673e+01 -3.0468473e+00 
   267 : -1.6885665e+01 -2.2450320e+00 
   268 : -1.7836091e+01 -1.5024780e+00 
   269 :  1.4121478e+01 -7.0579879e+00 
   270 :  1.2436165e+01 -9.8957379e+00 
   271 :  1.6131249e+01 -4.3011157e+00 
   272 : -8.5952456e-02  1.5670047e+01 
   273 :  3.4053238e+00  1.5920519e+01 
   274 : -3.4108520e+00  1.5973160e+01 
   275 : -1.2991898e+01 -8.7469229e+00 
   276 : -1.1931161e+01 -1.1996379e+01 
   277 : -1.4685684e+01 -5.9189263e+00 
   278 :  1.8948245e+01 -1.9671117e+00 
   279 : -1.7145830e+01 -3.3465968e+00 
   280 :  1.1510316e+01 -1.3065477e+01 
   281 :  2.0756626e+01 -1.1102984e+01 
   282 :  1.9629748e+01 -4.2383624e-01 
   283 :  2.2710321e+01 -6.8479128e+00 
   284 : -6.5340637e+00  1.6864283e+01 
   285 :  6.6065761e+00  1.7064299e+01 
   286 : -2.0617127e+01 -1.0897203e+01 
   287 : -1.1397390e+01 -1.5479508e+01 
   288 :  2.2867856e+00  2.3218124e+01 
   289 : -2.1879246e+00  2.3339451e+01 
   290 :  1.8002441e+01 -1.4940824e+01 
   291 : -1.8034694e+01 -1.4800691e+01 
   292 :  1.9766899e+01  1.8445044e+00 
   293 :  1.8170620e+01  7.9836299e+00 
   294 :  1.8836267e+01  5.8217794e+00 
   295 :  2.3720015e+01 -2.1682379e+00 
   296 : -2.2439888e+01 -6.5711245e+00 
   297 : -1.9877139e+01 -2.3251432e-01 
   298 : -1.9903004e+01 -1.5175083e+00 
   299 : -1.0834125e+01  1.6610609e+01 
   300 : -7.9140460e+00 -1.8225218e+01 
   301 :  7.9046687e+00 -1.8206516e+01 
   302 : -1.9549232e+01  3.5276004e+00 
   303 :  1.0794893e+01  1.6582841e+01 
   304 : -1.3699532e+01  1.4325852e+01 
   305 : -1.7480265e+01  9.3808307e+00 
   306 :  4.5087187e+00 -1.9401753e+01 
   307 : -4.2926475e+00 -1.9308614e+01 
   308 : -1.8400726e+00 -1.9791633e+01 
   309 :  2.0211601e+00 -1.9728821e+01 
   310 :  1.3828658e+01  1.4292476e+01 
   311 : -1.8503334e+01  7.1065024e+00 
   312 : -1.5424572e+01  1.2508358e+01 
   313 :  1.6305603e+01  1.1386149e+01 
   314 :  1.1192250e+01 -1.5380715e+01 
   315 :  1.0142494e+01 -1.7085681e+01 
   316 : -1.0080599e+01 -1.7057620e+01 
   317 : -6.8813538e+00  2.2294018e+01 
   318 :  6.8049211e+00  2.2335740e+01 
   319 :  2.2692720e+01  6.8951742e+00 
   320 :  2.3676016e+01  2.2756428e+00 
   321 :  2.0762462e+01  1.1097767e+01 
   322 :  1.4657578e+01 -1.8018389e+01 
   323 : -1.4889234e+01 -1.7967634e+01 
   324 :  2.2955669e+01 -5.4837077e+00 
   325 :  2.1677189e+01 -5.9319404e+00 
   326 :  2.1374739e+01 -7.2058790e+00 
   327 :  2.0370560e+01 -6.3540858e+00 
   328 :  2.0669770e+01 -5.0355792e+00 
   329 :  2.0053237e+01 -7.6223590e+00 
   330 :  1.9044499e+01 -6.7748655e+00 
   331 :  1.8732233e+01 -8.0686573e+00 
   332 :  1.7726214e+01 -7.2039152e+00 
   333 :  1.7431778e+01 -8.5613318e+00 
   334 : -2.1049313e+01 -8.5456443e-01 
   335 : -2.1028092e+01  5.2696434e-01 
   336 : -2.1047851e+01 -2.2327005e+00 
   337 :  2.3008854e+01  5.4170512e+00 
   338 : -1.1088949e+01  2.0577266e+01 
   339 :  1.1107566e+01  2.0531980e+01 
   340 :  2.3597128e+01  8.2230997e-01 
   341 :  1.4800691e+01  1.8034694e+01 
   342 : -1.4720927e+01  1.8120939e+01 
   343 :  1.8024795e+01  1.4851872e+01 
   344 :  6.6657503e+00 -2.2375162e+01 
   345 : -6.6657503e+00 -2.2375162e+01 
   346 : -2.2375523e+01  6.6658613e+00 
   347 : -1.9841190e+01 -2.8994067e+00 
   348 : -1.0994747e+01 -2.0654652e+01 
   349 :  1.0902001e+01 -2.0645113e+01 
   350 :  2.2129622e+01  8.2767073e+00 
   351 : -1.7973667e+01  1.4900929e+01 
   352 : -2.2665157e+00 -2.3625337e+01 
   353 :  2.1725995e+00 -2.3245957e+01 
   354 : -2.0654568e+01  1.0994922e+01 
   355 : -2.0991748e+01 -3.6245603e+00 
   356 : -1.9706753e+01 -4.3554555e+00 
   357 :  2.2464408e+01  1.5988791e+00 
   358 :  2.2434035e+01  2.8065251e-01 
   359 :  2.2459391e+01  3.0958649e+00 
   360 :  2.1709783e+01  5.9210306e+00 
   361 :  1.8554415e+01 -9.5770787e+00 
   362 :  1.7075995e+01 -9.9400331e+00 
   363 :  1.6080309e+01 -8.9765319e+00 
   364 :  1.5729276e+01 -1.0353907e+01 
   365 :  1.6736080e+01 -1.1333671e+01 
   366 :  1.5371164e+01 -1.1753426e+01 
   367 :  1.8064483e+01 -5.8803041e+00 
   368 :  1.6769735e+01 -6.3184828e+00 
   369 : -2.2294207e+01 -1.2672218e-01 
   370 : -2.2237099e+01  1.3307318e+00 
   371 :  1.4770073e+01 -9.3578319e+00 
   372 :  2.1558653e+01 -9.8571490e+00 
   373 :  2.3709546e+01  1.0166035e+01 
   374 :  2.3740120e+01 -9.5162554e+00 
   375 :  2.5361729e+01 -4.7195706e+00 
   376 :  2.5793305e+01  3.1875756e-01 
   377 :  2.5248851e+01  5.3487275e+00 
   378 :  1.9841280e+01  1.2503585e+01 
   379 :  1.8945571e+01  1.1057873e+01 
   380 :  1.9877827e+01  9.8099336e+00 
   381 :  1.9775105e+01 -1.2463215e+01 
   382 :  1.8230738e+01  1.2493892e+01 
   383 :  5.4858062e-01 -2.3401625e+01 
   384 : -1.9828223e+01  1.2338861e+01 
   385 :  1.6440098e+01 -1.2760853e+01 
   386 :  1.5017146e+01 -1.3203763e+01 
   387 :  1.4000480e+01 -1.2142127e+01 
   388 :  1.3655621e+01 -1.3542411e+01 
   389 :  1.4613883e+01 -1.4588109e+01 
   390 : -2.1343613e+01  9.5788009e+00 
   391 :  5.1851517e+00 -2.2769425e+01 
   392 : -5.1030956e+00 -2.2844442e+01 
   393 : -1.6967780e+01  1.6053033e+01 
   394 :  9.5241722e+00 -2.1317956e+01 
   395 : -9.5861086e+00 -2.1345715e+01 
   396 : -1.3456658e+01  1.9152571e+01 
   397 : -1.3214162e+01  1.7558311e+01 
   398 :  1.6921562e+01  1.6187441e+01 
   399 :  1.6391772e+01  1.4809511e+01 
   400 :  1.2595455e+01  1.9749630e+01 
   401 :  1.3493381e+01 -1.9100057e+01 
   402 :  1.3119010e+01 -1.7485701e+01 
   403 : -1.2328304e+01 -1.9731955e+01 
   404 : -8.5537166e+00  2.1818754e+01 
   405 : -7.2537318e+00  2.0641558e+01 
   406 : -5.6882574e+00  2.1031916e+01 
   407 : -6.0133966e+00  1.9536709e+01 
   408 : -4.5216444e+00  1.9919238e+01 
   409 : -4.8627227e+00  1.8479022e+01 
   410 : -3.3951665e+00  1.8824342e+01 
   411 : -3.0075212e+00  2.0293518e+01 
   412 : -1.9046272e+00  1.9184411e+01 
   413 : -1.5022221e+00  2.0649711e+01 
   414 : -4.4789135e-01  1.9546744e+01 
   415 : -7.5708265e+00  1.9144925e+01 
   416 : -8.3156280e-01  1.8103258e+01 
   417 :  5.9535710e-01  1.8453889e+01 
   418 :  1.0273050e+00  1.9894257e+01 
   419 :  2.0644297e+00  1.8779082e+01 
   420 :  2.5119696e+00  2.0210410e+01 
   421 :  3.5532348e+00  1.9097018e+01 
   422 :  4.0215262e+00  2.0492035e+01 
   423 :  5.0807641e+00  1.9344847e+01 
   424 :  4.5029360e+00  1.8129431e+01 
   425 :  1.7081562e+00  1.7520952e+01 
   426 :  8.3005433e+00  2.1753526e+01 
   427 :  7.1716863e+00  2.0862154e+01 
   428 : -1.6461914e+01  1.4722484e+01 
   429 : -1.7372181e+01  1.3299989e+01 
   430 :  1.6928098e+01 -1.5999187e+01 
   431 : -1.4447846e+01  1.6358876e+01 
   432 : -1.6142555e+01 -1.6926403e+01 
   433 : -1.4571654e+01 -1.6352102e+01 
   434 : -1.3339591e+01 -1.7244700e+01 
   435 :  5.2784618e+00  2.2727566e+01 
   436 :  2.1363877e+01  9.2345833e-01 
   437 :  2.1421844e+01 -3.5659434e-01 
   438 :  2.2366240e+01 -9.2172406e-01 
   439 :  2.1355110e+01 -1.4612900e+00 
   440 : -2.1362779e+01 -9.4521458e+00 
   441 : -1.9651271e+01 -9.4711658e+00 
   442 : -1.8839809e+01 -1.0869398e+01 
   443 : -1.7978097e+01 -9.5150219e+00 
   444 : -1.7184846e+01 -1.0912787e+01 
   445 : -1.8606661e+01 -7.9888641e+00 
   446 : -1.6392895e+01 -9.5570871e+00 
   447 : -1.5626469e+01 -1.0910084e+01 
   448 : -1.6380530e+01 -1.2266398e+01 
   449 : -1.4849959e+01 -1.2243201e+01 
   450 : -1.5413794e+01 -1.3643114e+01 
   451 : -1.4017140e+01 -1.3538616e+01 
   452 : -1.4185093e+01 -1.0945310e+01 
   453 : -7.7466763e-01  2.3594491e+01 
   454 : -1.9916081e+01  9.5745393e+00 
   455 :  1.3192978e+01 -1.4960678e+01 
   456 : -2.2846812e+01  5.1014557e+00 
   457 : -2.1297185e+01  5.4679475e+00 
   458 : -2.1744206e+01  4.0636268e+00 
   459 : -2.0653797e+01  7.0715889e+00 
   460 :  1.2054782e+00 -2.1982463e+01 
   461 :  2.8552251e+00 -2.1669587e+01 
   462 :  9.4640794e+00 -1.9724034e+01 
   463 : -9.5579304e+00 -1.9725453e+01 
   464 :  1.1101261e+01  1.8947937e+01 
   465 :  9.7184316e+00  1.9540214e+01 
   466 : -1.1023735e+01 -1.8985027e+01 
   467 :  1.1017661e+01 -1.9078802e+01 
   468 : -2.2875289e+01 -5.1153433e+00 
   469 : -5.3346024e+00 -2.1131019e+01 
   470 : -7.0165444e+00 -2.0644924e+01 
   471 :  5.4283377e+00 -2.1184999e+01 
   472 :  7.0311742e+00 -2.0829699e+01 
   473 : -3.8767668e+00  2.2999088e+01 
   474 : -2.2294417e+01 -2.9576755e+00 
   475 : -3.8464085e+00 -2.1715506e+01 
   476 : -1.8992943e+01 -1.3552430e+01 
   477 : -3.2154175e-01 -2.2030873e+01 
   478 : -1.1740421e+01  1.8724972e+01 
   479 : -2.0913708e+01  1.8823255e+00 
   480 :  1.2752614e+01  1.7993841e+01 
   481 :  1.5386192e+01  1.5845295e+01 
   482 : -1.2992662e+01 -1.5658617e+01 
   483 :  2.8298473e-01 -2.0884925e+01 
   484 : -1.9025559e+01  1.0900067e+01 
   485 :  2.2019328e+01  4.5655660e+00 
   486 :  2.0780796e+01  4.9800898e+00 
   487 :  2.0967542e+01  3.7048212e+00 
   488 :  2.0603705e+01  6.1745519e+00 
   489 : -2.0006321e+01  5.7258860e+00 
   490 : -1.2986408e+01  1.6231105e+01 
   491 :  1.8408574e+01  9.6851301e+00 
   492 : -2.1217628e+01 -5.1828739e+00 
   493 : -1.9625511e+01 -5.8233427e+00 
   494 : -1.8406235e+01 -5.0776919e+00 
   495 :  9.7208086e+00  1.8287481e+01 
   496 :  8.4209246e+00  1.8725308e+01 
   497 :  1.4171899e+01 -1.6110225e+01 
   498 :  2.1010531e+01  2.1624771e+00 
   499 :  1.4771584e+00  2.1361474e+01 
   500 :  1.9586556e+01  4.2114670e-01 
   501 : -1.3367419e+01 -1.2191658e+01 
   502 : -1.2562626e+01 -1.3425752e+01 
   503 :  2.1363647e+01  1.4793778e+01 
   504 :  1.4793778e+01  2.1363647e+01 
   505 :  1.8067027e+01  1.8677360e+01 
   506 : -1.0341679e+01  2.3839273e+01 
   507 :  1.0407149e+01  2.4096734e+01 
   508 : -1.4254046e+01  2.2041025e+01 
   509 : -2.5664493e+01  5.5062259e+00 
   510 :  5.4921548e+00 -2.5398769e+01 
   511 : -2.5398769e+01 -5.4921548e+00 
   512 : -5.5062256e+00 -2.5664492e+01 
   513 : -2.1843182e+01  1.4076102e+01 
   514 :  1.4253929e+01 -2.2040850e+01 
   515 : -2.2040465e+01 -1.4253672e+01 
   516 : -1.4076102e+01 -2.1843182e+01 
   517 :  2.1843182e+01 -1.4076102e+01 
   518 :  1.0341679e+01 -2.3839273e+01 
   519 : -2.4097162e+01  1.0407326e+01 
   520 : -3.9353105e-01 -2.6245587e+01 
   521 : -2.3839273e+01 -1.0341679e+01 
   522 : -1.0407324e+01 -2.4097157e+01 
   523 :  1.8279721e+01 -1.8836258e+01 
   524 : -1.8677360e+01  1.8067027e+01 
   525 : -2.6274000e+01  3.9353105e-01 
   526 : -1.8067027e+01 -1.8677360e+01 
   527 : -5.4921548e+00  2.5398769e+01 
   528 :  5.5061388e+00  2.5664056e+01 
   529 :  3.9353105e-01  2.6244820e+01 
   530 :  1.5091358e+01 -8.0474099e+00 
   531 :  1.3953712e+01 -8.4256597e+00 
   532 :  1.8015268e+01 -1.2223605e+01 
   533 : -8.7171168e+00  2.0178866e+01 
   534 : -9.0913409e+00  1.8780250e+01 
   535 :  3.0481734e+00  1.7860686e+01 
   536 : -1.7038340e+01 -8.2400786e+00 
   537 : -1.5621367e+01 -8.3139097e+00 
   538 : -1.6296781e+01 -7.0195474e+00 
   539 : -1.4959027e+01 -9.6518169e+00 
   540 :  2.3406286e+01 -4.2645530e-01 
   541 :  1.5476443e+01 -6.7770518e+00 
   542 :  2.3144599e+01  4.1780814e+00 
   543 : -3.7496357e+00  1.7255795e+01 
   544 : -5.2616119e+00  1.7187469e+01 
   545 :  6.0024491e+00  1.8284656e+01 
   546 :  5.6737674e+00  2.0971859e+01 
   547 :  1.9653980e+01  4.2041532e+00 
   548 :  1.9159406e+01 -1.1003432e+01 
   549 :  1.8558097e+01  6.8587288e+00 
   550 :  1.9383650e+01  7.6634031e+00 
   551 :  1.9349709e+01 -5.4608187e+00 
   552 :  1.9665180e+01 -4.1790884e+00 
   553 :  2.0894684e+01 -3.7708964e+00 
   554 :  1.9920498e+01 -2.9201010e+00 
   555 :  1.8780821e+01 -3.3157159e+00 
   556 :  2.0235394e+01 -1.8423332e+00 
   557 :  4.2531636e-01  1.6925477e+01 
   558 : -1.2525857e+00  1.6624368e+01 
   559 : -2.2959227e+00  1.7783024e+01 
   560 : -2.0354995e+01 -8.1272153e+00 
   561 :  2.1913494e+01 -4.6116428e+00 
   562 :  2.2081816e+01 -3.3943758e+00 
   563 :  5.8732027e+00 -1.9744916e+01 
   564 : -5.8828523e+00 -1.9832654e+01 
   565 :  1.8434678e+01 -4.5696064e+00 
   566 :  1.7400906e+01 -3.5799312e+00 
   567 :  1.4418620e+01 -1.0719656e+01 
   568 : -1.8424659e+01 -6.4736167e+00 
   569 :  2.1465290e+01  9.6328390e+00 
   570 :  2.3144005e+01 -4.1820844e+00 
   571 :  1.3014791e+01 -1.1151124e+01 
   572 : -1.2903874e+01 -1.0934090e+01 
   573 :  1.6913754e+01  1.0338258e+01 
   574 :  1.5534977e+01  1.2393041e+01 
   575 :  1.2888237e+01  1.5155042e+01 
   576 :  1.4687516e+01  1.3360659e+01 
   577 :  1.1868842e+01  1.5931096e+01 
   578 :  1.2976137e+01  1.6393417e+01 
   579 : -9.0161299e+00 -1.7637605e+01 
   580 :  9.0199076e+00 -1.7638835e+01 
   581 : -1.6176766e+01  1.1504814e+01 
   582 :  3.1875942e+00 -1.9605757e+01 
   583 :  3.9661597e+00 -2.0627949e+01 
   584 : -3.1065041e+00 -1.9618518e+01 
   585 : -1.8046165e+01  8.2615632e+00 
   586 : -1.6864792e+01  1.0454069e+01 
   587 : -1.7508761e+01  1.1606924e+01 
   588 : -1.4597821e+01  1.3454068e+01 
   589 : -6.7629098e+00 -1.8812119e+01 
   590 :  6.6361057e+00 -1.8620434e+01 
   591 : -9.6993341e+00  1.7464153e+01 
   592 : -2.6263174e+00 -2.0749565e+01 
   593 : -1.6925304e+01 -5.6752524e+00 
   594 : -1.6111402e+01 -1.5180726e+01 
   595 : -1.1971896e+01 -1.6746742e+01 
   596 :  1.6288228e+01 -1.4438739e+01 
   597 : -1.8517254e+01 -3.5337831e+00 
   598 :  2.0572671e+01  8.4294166e+00 
   599 :  2.0131141e+01 -9.7977437e+00 
   600 :  1.2715846e+01 -1.2634838e+01 
   601 : -1.8029777e+01 -1.2210362e+01 
   602 :  2.2418801e+01 -2.1573325e+00 
   603 : -7.9575955e+00 -1.9550366e+01 
   604 :  1.6462363e+01 -7.6455935e+00 
   605 :  1.5916036e+01 -5.5135717e+00 
   606 : -1.4247249e+01 -8.5813095e+00 
   607 : -1.9415396e+01  8.1087951e+00 
   608 :  7.7514490e+00 -1.9511565e+01 
   609 : -4.1783149e+00  2.1405522e+01 
   610 :  2.1151050e+01 -2.5910548e+00 
   611 :  2.0398553e+01 -3.5457196e-02 
   612 : -1.4844506e+01 -7.2130428e+00 
   613 : -7.9579902e+00  1.7717185e+01 
   614 : -1.0337463e+01  1.8471213e+01 
   615 : -1.9853596e+01  1.0352882e+00 
   616 :  6.1461240e-02  2.1044340e+01 
   617 : -1.4947372e+01  1.4802474e+01 
   618 :  2.5980573e+01 -5.5744387e+00 
   619 :  2.4410122e+01 -1.0589318e+01 
   620 :  2.6568725e+01 -3.9878490e-01 
   621 :  2.4699048e+01  9.7990557e+00 
   622 :  2.6120254e+01  4.8067984e+00 
   623 :  2.1415545e+01  7.2020991e+00 
   624 :  1.7162806e+01 -5.0132562e+00 
   625 :  3.0452892e+00  2.1645287e+01 
   626 :  2.2510524e+01 -8.9198318e+00 
   627 : -1.1090986e+00 -2.0877113e+01 
   628 : -1.5490681e+01 -5.0177858e+00 
   629 : -1.6292876e+01 -4.2076376e+00 
   630 : -1.2418999e+01 -9.8729219e+00 
   631 :  2.2723315e+00  1.5696838e+01 
   632 :  4.6360359e+00  1.6200014e+01 
   633 :  5.7042996e+00  1.6367929e+01 
   634 : -2.2098924e+00  1.5732483e+01 
   635 :  1.1100915e+00  1.5664490e+01 
   636 : -6.3667686e+00  1.8154932e+01 
   637 : -1.9226800e+01  4.7363008e+00 
   638 : -1.1432036e+01 -1.3103593e+01 
   639 : -1.2283439e+01 -1.4672292e+01 
   640 :  7.3554645e+00  1.8061909e+01 
   641 : -2.3634047e+01  6.3966853e-01 
   642 :  1.1317237e+01 -1.4250085e+01 
   643 :  1.9765961e+01  2.9891078e+00 
   644 : -1.7100063e+01 -1.3598684e+01 
   645 : -1.9742277e+01  2.3211582e+00 
   646 : -1.2223695e+01 -1.8157676e+01 
   647 :  1.6785048e+01  1.2501269e+01 
   648 : -2.0420647e+01  4.4532173e+00 
   649 :  2.4471219e+01  1.0610120e+01 
   650 :  2.6241743e+01 -4.7734891e+00 
   651 :  2.6668573e+01  4.3772189e-01 
   652 :  2.6084428e+01  5.6356464e+00 
   653 :  2.4775676e+01 -9.7835785e+00 
   654 :  1.2444113e+01 -1.3928666e+01 
   655 :  1.7976525e+01 -2.5368929e+00 
   656 : -5.3890892e-01 -1.9813944e+01 
   657 : -2.2337124e+01 -1.5664362e+00 
   658 : -2.5992547e+00  2.1753867e+01 
   659 : -1.4334616e+01 -1.4819438e+01 
   660 : -1.3617690e+01 -9.7887286e+00 
   661 : -1.8866240e+01 -2.1127722e+00 
   662 : -2.3452413e+01  2.1868887e+00 
   663 :  6.8734390e+00  1.9464489e+01 
   664 : -1.1916353e+00  1.5460789e+01 
   665 : -4.5883370e+00  1.6163401e+01 
   666 : -1.1807365e+01  1.5873842e+01 
   667 : -1.1380301e+01 -1.4146219e+01 
   668 : -1.1950253e+01  1.7126056e+01 
   669 : -2.0831425e+01 -6.5982235e+00 
   670 :  1.4781794e+01 -5.7851676e+00 
   671 :  1.5043360e+01  1.4554485e+01 
   672 : -2.3640448e+01 -8.3598225e-01 
   673 :  1.1176831e+01 -1.6543368e+01 
   674 :  1.2444584e+01 -1.6076048e+01 
   675 :  1.1149192e+01 -1.7755242e+01 
   676 : -1.0654460e+00  2.2087068e+01 
   677 :  2.0425283e+01  1.0632259e+00 
   678 :  1.1763201e+01 -1.1899023e+01 
   679 :  2.1087415e+01 -8.5708271e+00 
   680 :  1.3573004e+01 -9.7367485e+00 
   681 :  1.7526779e+01  1.1420436e+01 
   682 : -2.1061772e+00 -2.2205274e+01 
   683 :  2.3933222e+01  9.1998827e+00 
   684 :  2.3428643e+01 -1.0418044e+01 
   685 :  2.5010927e+01 -5.6471625e+00 
   686 :  2.5268159e+01  4.3539697e+00 
   687 :  2.5645108e+01 -6.4276560e-01 
   688 :  2.4588926e+01 -2.3315966e-01 
   689 :  1.5895658e+01 -1.6987337e+01 
   690 :  1.1901333e+01 -1.0823711e+01 
   691 :  2.4186267e+01 -4.9881008e+00 
   692 : -1.7850216e+01 -2.5481324e+00 
   693 :  1.4070109e+01  1.5487045e+01 
   694 :  1.8967819e+01  1.3711482e+01 
   695 :  1.8938531e+01 -1.3683290e+01 
   696 : -3.9938924e+00 -2.0529500e+01 
   697 :  4.9787466e-01  2.3017807e+01 
   698 : -1.3554685e+01 -7.6446431e+00 
   699 :  1.7586117e+01  9.1940917e+00 
   700 : -1.7457500e+01 -4.3681923e+00 
   701 : -2.0722657e+01  3.1586676e+00 
   702 : -1.9034769e+01  1.3598057e+01 
   703 :  3.7754579e+00 -2.3084190e+01 
   704 : -2.1922357e+01  8.2578797e+00 
   705 : -1.5977090e+01  1.7085994e+01 
   706 :  8.2029481e+00 -2.1923339e+01 
   707 : -8.2573113e+00 -2.1923338e+01 
   708 :  2.2832855e+01  9.2241967e+00 
   709 :  1.2374955e+01 -1.9929788e+01 
   710 :  8.3581886e+00  2.0220542e+01 
   711 :  1.1846918e+01  1.6934082e+01 
   712 :  1.2896907e+01 -8.7407161e+00 
   713 :  1.4143268e+01  2.1935663e+01 
   714 :  2.1937449e+01  1.4143447e+01 
   715 :  1.8754967e+01  1.8150946e+01 
   716 :  4.6759692e+00 -2.5665988e+01 
   717 : -2.5665998e+01 -4.6759660e+00 
   718 :  2.1454622e+01 -1.4841475e+01 
   719 : -4.7326177e+00  2.5642767e+01 
   720 : -9.5921206e+00  2.4272898e+01 
   721 : -2.4260588e+01 -9.5933073e+00 
   722 : -1.8147185e+01  1.8742658e+01 
   723 :  9.5933076e+00 -2.4260586e+01 
   724 : -2.1455003e+01  1.4842183e+01 
   725 : -1.4842184e+01 -2.1455003e+01 
   726 : -1.8742671e+01 -1.8147188e+01 
   727 : -2.3203586e+01  3.7017904e+00 
   728 : -1.3620360e+01 -1.8914566e+01 
   729 : -2.2038271e+01  2.6889993e+00 
   730 : -9.2305038e-01 -2.3413211e+01 
   731 : -3.6138656e+00 -2.3208172e+01 
   732 : -1.2449980e+01  2.0080673e+01 
   733 :  2.0585006e+01 -1.3798760e+01 
   734 :  9.6559892e+00  2.1250099e+01 
   735 :  1.5935170e+01  1.7142022e+01 
   736 :  1.3754876e+01  1.9093581e+01 
   737 : -2.0609962e+01  1.3763947e+01 
   738 : -1.7510179e+01  1.7540061e+01 
   739 :  4.8109466e+00 -2.4311551e+01 
   740 :  9.4603022e+00 -2.2908654e+01 
   741 :  8.1334028e-01 -1.9838705e+01 
   742 :  2.6433967e+00  1.6724018e+01 
   743 :  2.0477442e+01 -8.9539052e-01 
   744 : -1.5714463e+01 -6.1172333e+00 
   745 :  1.7343943e+01  1.3685471e+01 
   746 : -1.3765904e+01 -2.0573884e+01 
   747 : -1.3928883e+01 -6.6656469e+00 
   748 : -2.4370304e+01 -4.8010187e+00 
   749 : -1.5884463e+01  1.3565782e+01 
   750 : -2.4476775e+01  4.8010109e+00 
   751 : -5.4305906e-02 -2.4931737e+01 
   752 :  1.4298072e+01  1.6681554e+01 
   753 : -2.3039474e+01  9.5203771e+00 
   754 : -4.7866300e+00 -2.4477144e+01 
   755 : -9.5215000e+00 -2.3039987e+01 
   756 : -1.3841020e+01  2.0776831e+01 
   757 :  1.3834617e+01 -2.0742902e+01 
   758 : -9.7846484e+00  2.1283101e+01 
   759 : -1.7594848e+01 -1.7507463e+01 
   760 :  9.9441018e+00 -1.8344797e+01 
   761 :  1.5964436e+01  1.3550739e+01 
   762 : -2.5013083e+01 -4.0824673e-02 
   763 :  9.5403229e+00  2.2995678e+01 
   764 :  2.4231177e+01  4.5584556e+00 
   765 :  1.7588503e+01 -1.7604168e+01 
   766 : -2.2953612e+01 -9.4394982e+00 
   767 :  4.8178715e+00  2.4401153e+01 
   768 :  7.7978373e+00  1.7184189e+01 
   769 : -5.4237881e-02  2.4897853e+01 
   770 : -2.0674114e+01 -1.3814002e+01 
   771 : -5.3236924e+00  2.2675111e+01 
   772 :  1.7888067e+01 -1.0866916e+01 
   773 : -1.8642243e+01  9.4334627e+00 
   774 : -2.6004008e+00  1.6682967e+01 
   775 :  8.8168413e+00 -1.8685149e+01 
   776 :  8.3947646e+00 -2.0661319e+01 
   777 :  2.0601465e+01  1.3813461e+01 
   778 :  2.3205340e+01 -1.3499219e+00 
   779 : -1.7320032e+01 -1.6143559e+01 
   780 :  1.7510652e+00 -2.0832444e+01 
   781 :  1.7495064e+01  1.7574904e+01 
   782 :  1.3835975e+01  2.0606853e+01 
   783 : -8.9089426e+00 -1.8664234e+01 
   784 :  1.9588433e+01 -1.1876355e+00 
   785 : -9.5619785e+00  2.2887466e+01 
   786 :  3.8930061e+00  2.3077467e+01 
   787 : -1.5761066e+01  1.5780144e+01 
   788 : -9.9928388e+00 -1.8243996e+01 
   789 : -1.9789388e+01 -1.2326761e+01 
   790 : -2.0604484e+01  8.5339639e+00 
   791 : -2.3554310e+01 -2.3405147e+00 
   792 : -4.8603630e+00  2.4277778e+01 
   793 :  2.0351555e+01  7.3217943e+00 
   794 : -2.2036228e+01 -8.1035089e+00 
   795 : -1.0126657e+01  1.9669278e+01 
   796 :  1.8942640e+01  8.7865513e+00 
   797 :  3.9437474e+00  1.7049586e+01 
   798 : -1.7904324e+01  1.0355071e+01 
   799 :  1.7513466e+01 -1.3587988e+01 
   800 : -1.3784476e+01  1.5372267e+01 
   801 : -1.2761457e+01  1.5101634e+01 
   802 :  9.6472418e+00  2.4336926e+01 
   803 : -2.4345771e+01  9.6432882e+00 
   804 :  4.7033935e+00  2.5748603e+01 
   805 : -2.6205387e+01 -4.1142285e-01 
   806 : -2.5763815e+01  4.7000388e+00 
   807 : -4.6971626e+00 -2.5763889e+01 
   808 : -1.4879970e+01  2.1556059e+01 
   809 : -9.6435123e+00 -2.4345872e+01 
   810 :  3.9239673e-01 -2.6183436e+01 
   811 : -2.1535404e+01 -1.4874491e+01 
   812 :  1.4878666e+01 -2.1549239e+01 
   813 :  1.8791363e+01 -1.8224203e+01 
   814 : -4.1410549e-01  2.6176505e+01 
   815 : -1.8553899e+01  1.2348780e+01 
   816 : -1.6473349e+01  1.2497173e+01 
   817 : -5.4388061e+00 -1.8927016e+01 
   818 :  5.5124686e+00 -1.8788603e+01 
   819 :  1.2150426e+01 -1.4929483e+01 
   820 : -8.5635726e+00 -2.0587588e+01 
   821 : -1.8885058e+01  5.9506681e+00 
   822 :  1.3268765e+01 -7.6607251e+00 
   823 :  1.0931592e+01  1.7672729e+01 
   824 : -1.9492781e+01  6.7926881e+00 
   825 :  4.3824101e+00  2.1782843e+01 
   826 : -1.0938785e+01 -1.6526782e+01 
   827 : -1.1060389e+01 -1.7597331e+01 
   828 : -1.9568650e+01 -7.0022525e+00 
   829 : -2.3325384e+01 -3.7904710e+00 
   830 :  1.5515588e+01 -1.5567415e+01 
   831 :  4.9441047e+00 -2.0239904e+01 
   832 :  4.2722122e+00 -2.1847662e+01 
   833 :  2.3226541e+01 -3.0598983e+00 
   834 :  8.6279658e+00  1.7695691e+01 
   835 :  1.9680226e+01 -8.7326771e+00 
   836 : -5.6873337e+00  1.6242457e+01 
   837 : -1.3238097e+01 -1.4422943e+01 
   838 :  9.7081180e+00  1.7146097e+01 
   839 :  2.2288475e+01 -7.8898798e+00 
   840 :  2.2643152e+01 -9.9217590e+00 
   841 : -1.1857475e+01 -1.0803747e+01 
   842 :  1.2210483e+01 -1.8411959e+01 
   843 : -1.7409171e+01 -7.1141618e+00 
   844 : -1.0991420e+01  1.7678419e+01 
   845 :  5.3276673e+00  1.7319890e+01 
   846 : -4.9094229e+00 -2.0023779e+01 
   847 :  1.6318584e+00  1.6506355e+01 
   848 :  1.9699133e+01  5.2550096e+00 
   849 :  2.3975108e+01 -1.1355212e+00 
   850 :  1.9563941e+01  6.4938395e+00 
   851 : -2.2089912e+01 -4.1308127e+00 
   852 :  1.2020020e+01 -1.7254463e+01 
   853 :  1.5249402e+01 -4.8380822e+00 
   854 :  2.7986362e+00 -2.0531313e+01 
   855 :  2.3717101e+01  3.4071631e+00 
   856 :  1.7949000e+01  1.0543292e+01 
Number of edges 269 
     0 :      0      1 
     1 :      2      0 
     2 :      3      4 
     3 :      4      5 
     4 :      5      6 
     5 :      6      7 
     6 :      7      8 
     7 :      8      9 
     8 :      9     10 
     9 :     10     11 
    10 :     11     12 
    11 :     12     13 
    12 :     13     14 
    13 :     14     15 
    14 :     15     16 
    15 :     16     17 
    16 :     17     18 
    17 :     18     19 
    18 :     19     20 
    19 :     20     21 
    20 :     21     22 
    21 :     22     23 
    22 :     23     24 
    23 :     24     25 
    24 :     25     26 
    25 :     26     27 
    26 :     27     28 
    27 :     28     29 
    28 :     29     30 
    29 :     30     31 
    30 :     31     32 
    31 :     32     33 
    32 :     33     34 
    33 :     34     35 
    34 :     35     36 
    35 :     36     37 
    36 :     37     38 
    37 :     38     39 
    38 :     39     40 
    39 :     40     41 
    40 :     41     42 
    41 :     42     43 
    42 :     43     44 
    43 :     44     45 
    44 :     45     46 
    45 :     46     47 
    46 :     47     48 
    47 :     48     49 
    48 :     49     50 
    49 :     50     51 
    50 :     51     52 
    51 :     52     53 
    52 :     53     54 
    53 :     54     55 
    54 :     55     56 
    55 :     56     57 
    56 :     57     58 
    57 :     58     59 
    58 :     59     60 
    59 :     60     61 
    60 :     61     62 
    61 :     62     63 
    62 :     63     64 
    63 :     64     65 
    64 :     65     66 
    65 :     66     67 
    66 :     67     68 
    67 :     68     69 
    68 :     69     70 
    69 :     70     71 
    70 :     71     72 
    71 :     72     73 
    72 :     73     74 
    73 :     74     75 
    74 :     75     76 
    75 :     76     77 
    76 :     77     78 
    77 :     78     79 
    78 :     79     80 
    79 :     80     81 
    80 :     81     82 
    81 :     82     83 
    82 :     83     84 
    83 :     84     85 
    84 :     85     86 
    85 :     86     87 
    86 :     87     88 
    87 :     88     89 
    88 :     89     90 
    89 :     90     91 
    90 :     91     92 
    91 :     92     93 
    92 :     93     94 
    93 :     94     95 
    94 :     95     96 
    95 :     96     97 
    96 :     97     98 
    97 :     98     99 
    98 :     99    100 
    99 :    100    101 
   100 :    101    102 
   101 :    102    103 
   102 :    103    104 
   103 :    104    105 
   104 :    105    106 
   105 :    106    107 
   106 :    107    108 
   107 :    108    109 
   108 :    109    110 
   109 :    110    111 
   110 :    111    112 
   111 :    112    113 
   112 :    113    114 
   113 :    114    115 
   114 :    115    116 
   115 :    116    117 
   116 :    117    118 
   117 :    118    119 
   118 :    119    120 
   119 :    120    121 
   120 :    121    122 
   121 :    122    123 
   122 :    123    124 
   123 :    124    125 
   124 :    125    126 
   125 :    126    127 
   126 :    127    128 
   127 :    128    129 
   128 :    129    130 
   129 :    130    131 
   130 :    131    132 
   131 :    132    133 
   132 :    133    134 
   133 :    134    135 
   134 :    135    136 
   135 :    136    137 
   136 :    137    138 
   137 :    138    139 
   138 :    139    167 
   139 :    167    140 
   140 :    140    141 
   141 :    141    142 
   142 :    142    168 
   143 :    168    143 
   144 :    143    144 
   145 :    144    169 
   146 :    169    145 
   147 :    145    146 
   148 :    146    147 
   149 :    147    170 
   150 :    170    148 
   151 :    148    149 
   152 :    149    171 
   153 :    171      2 
   154 :      1    172 
   155 :    172    150 
   156 :    150    151 
   157 :    151    173 
   158 :    173    152 
   159 :    152    153 
   160 :    153    154 
   161 :    154    174 
   162 :    174    155 
   163 :    155    156 
   164 :    156    175 
   165 :    175    157 
   166 :    157    158 
   167 :    158    159 
   168 :    159    176 
   169 :    176      3 
   170 :    160    177 
   171 :    177    178 
   172 :    178    179 
   173 :    179    180 
   174 :    180    181 
   175 :    181    182 
   176 :    182    183 
   177 :    183    184 
   178 :    184    185 
   179 :    185    186 
   180 :    186    187 
   181 :    187    188 
   182 :    188    189 
   183 :    189    190 
   184 :    190    191 
   185 :    191    192 
   186 :    192    193 
   187 :    193    161 
   188 :    160    194 
   189 :    194    195 
   190 :    195    196 
   191 :    196    197 
   192 :    197    198 
   193 :    198    199 
   194 :    199    200 
   195 :    200    201 
   196 :    201    202 
   197 :    202    203 
   198 :    203    204 
   199 :    204    205 
   200 :    205    206 
   201 :    206    207 
   202 :    207    162 
   203 :    163    208 
   204 :    208    209 
   205 :    209    210 
   206 :    210    211 
   207 :    211    212 
   208 :    212    213 
   209 :    213    214 
   210 :    214    215 
   211 :    215    216 
   212 :    216    217 
   213 :    217    218 
   214 :    218    219 
   215 :    219    220 
   216 :    220    221 
   217 :    221    222 
   218 :    222    223 
   219 :    223    162 
   220 :    164    163 
   221 :    164    224 
   222 :    224    225 
   223 :    225    226 
   224 :    226    227 
   225 :    227    228 
   226 :    228    229 
   227 :    229    230 
   228 :    230    231 
   229 :    231    232 
   230 :    232    233 
   231 :    233    234 
   232 :    234    235 
   233 :    235    236 
   234 :    236    237 
   235 :    237    165 
   236 :    166    238 
   237 :    238    239 
   238 :    239    240 
   239 :    240    241 
   240 :    241    242 
   241 :    242    243 
   242 :    243    244 
   243 :    244    245 
   244 :    245    246 
   245 :    246    247 
   246 :    247    248 
   247 :    248    249 
   248 :    249    250 
   249 :    250    251 
   250 :    251    252 
   251 :    252    253 
   252 :    253    254 
   253 :    254    165 
   254 :    166    255 
   255 :    255    256 
   256 :    256    257 
   257 :    257    258 
   258 :    258    259 
   259 :    259    260 
   260 :    260    261 
   261 :    261    262 
   262 :    262    263 
   263 :    263    264 
   264 :    264    265 
   265 :    265    266 
   266 :    266    267 
   267 :    267    268 
   268 :    268    161 
Number of triangles 1445 
     0 :    578    752    480
     1 :    480    752    341
     2 :    226    566    225
     3 :    284    636    613
     4 :    160    613    591
     5 :    156    319    155
     6 :    151    320    150
     7 :    144    283    143
     8 :    570    691    148
     9 :    563    608    590
    10 :    485    487    359
    11 :    614    795    478
    12 :    487    643    498
    13 :    628    629    593
    14 :    564    589    470
    15 :    284    613    194
    16 :    278    555    554
    17 :    271    566    226
    18 :    497    674    402
    19 :    478    795    338
    20 :    340    688    150
    21 :    554    556    278
    22 :    269    531    530
    23 :    741    780    309
    24 :    150    688    376
    25 :    613    636    415
    26 :    483    780    741
    27 :    210    547    211
    28 :    194    613    160
    29 :    292    677    498
    30 :    589    603    470
    31 :    322    497    402
    32 :    423    663    546
    33 :    482    595    287
    34 :    337    764    155
    35 :    547    848    211
    36 :    475    731    682
    37 :    272    635    557
    38 :    148    691    375
    39 :    287    639    482
    40 :    527    792    719
    41 :    498    643    292
    42 :    487    498    359
    43 :    635    847    557
    44 :    498    677    436
    45 :    501    502    276
    46 :    155    764    377
    47 :    598    796    550
    48 :    296    492    468
    49 :    591    613    534
    50 :      3    708    373
    51 :    338    732    478
    52 :    148    833    570
    53 :    472    608    563
    54 :    386    596    385
    55 :    567    680    571
    56 :    569    708      3
    57 :    605    624    271
    58 :    455    674    497
    59 :    341    736    480
    60 :    269    822    531
    61 :    571    680    270
    62 :     29    769    697
    63 :    500    677    292
    64 :    359    542    485
    65 :    594    644    291
    66 :    208    500    292
    67 :    632    845    797
    68 :    475    682    592
    69 :    380    796    598
    70 :    368    624    605
    71 :    543    559    410
    72 :    682    731    352
    73 :    435    546    318
    74 :    594    659    450
    75 :    697    769    453
    76 :    557    558    272
    77 :    629    700    593
    78 :    129    765    689
    79 :    389    596    386
    80 :    211    848    294
    81 :    593    744    628
    82 :    357    498    436
    83 :    295    833    148
    84 :    546    663    427
    85 :     16    504     15
    86 :     12    505     11
    87 :      7    503      6
    88 :     97    516     96
    89 :     57    513     56
    90 :     42    506     41
    91 :     82    521     81
    92 :     52    524     51
    93 :    137    517    136
    94 :    117    510    116
    95 :     77    511     76
    96 :    122    518    121
    97 :     92    526     91
    98 :     37    527     36
    99 :     29    697    288
   100 :    450    659    451
   101 :    276    572    501
   102 :    435    825    546
   103 :    719    792     34
   104 :    530    541    269
   105 :    381    548    532
   106 :    436    611    437
   107 :    129    689    322
   108 :    271    624    566
   109 :    689    765    430
   110 :    533    534    415
   111 :    616    697    676
   112 :    139    281    138
   113 :    359    498    357
   114 :    354    484    384
   115 :    296    669    492
   116 :    450    644    594
   117 :    410    559    412
   118 :    452    539    447
   119 :    556    610    439
   120 :    348    466    403
   121 :    291    644    476
   122 :    476    644    601
   123 :    318    546    427
   124 :      4    321      3
   125 :    425    535    419
   126 :    139    372    281
   127 :    322    689    497
   128 :    431    490    397
   129 :    321    569      3
   130 :    457    489    459
   131 :    405    533    415
   132 :    797    845    424
   133 :    502    638    276
   134 :    291    779    594
   135 :    544    636    284
   136 :    460    483    477
   137 :    554    610    556
   138 :    566    655    225
   139 :    320    340    150
   140 :    571    690    678
   141 :    465    495    464
   142 :    466    646    403
   143 :    555    565    552
   144 :    456    457    346
   145 :    395    463    348
   146 :    349    462    394
   147 :    392    469    345
   148 :    344    471    391
   149 :    342    397    396
   150 :    353    460    383
   151 :    379    491    380
   152 :    436    437    358
   153 :    390    454    354
   154 :    328    552    551
   155 :    351    428    393
   156 :    144    324    283
   157 :    339    464    400
   158 :    398    399    343
   159 :    606    660    275
   160 :    480    823    711
   161 :    552    565    551
   162 :    319    337    155
   163 :    282    784    743
   164 :    569    598    350
   165 :    558    664    272
   166 :    163    500    208
   167 :    460    780    483
   168 :    277    744    612
   169 :    571    678    600
   170 :    545    663    423
   171 :    224    278    164
   172 :    530    604    541
   173 :    547    643    487
   174 :    322    402    401
   175 :    434    482    433
   176 :    378    379    321
   177 :    543    665    274
   178 :    633    845    632
   179 :    379    380    321
   180 :    342    431    397
   181 :    463    466    348
   182 :    353    461    460
   183 :    469    470    345
   184 :    344    472    471
   185 :    457    459    346
   186 :    328    551    327
   187 :    351    429    428
   188 :    150    376    172
   189 :    155    377    174
   190 :    148    375    170
   191 :      3    373    176
   192 :    143    374    168
   193 :    612    744    538
   194 :    349    467    462
   195 :    454    484    354
   196 :    363    604    530
   197 :    489    648    637
   198 :    597    700    279
   199 :    669    794    560
   200 :    405    415    407
   201 :    451    502    501
   202 :    566    624    565
   203 :    404    405    317
   204 :    371    567    364
   205 :    429    815    587
   206 :    472    563    471
   207 :    469    564    470
   208 :    457    648    489
   209 :    323    433    432
   210 :    324    561    325
   211 :    464    823    480
   212 :    548    599    361
   213 :    499    625    288
   214 :    541    604    368
   215 :    405    407    406
   216 :    496    710    663
   217 :    318    427    426
   218 :    473    658    289
   219 :    397    478    396
   220 :    392    475    469
   221 :    456    458    457
   222 :    415    636    407
   223 :    278    655    555
   224 :    460    477    383
   225 :    357    358    340
   226 :    464    480    400
   227 :    323    434    433
   228 :    398    481    399
   229 :    609    658    473
   230 :    368    605    541
   231 :    443    536    445
   232 :    339    465    464
   233 :    404    533    405
   234 :    409    544    543
   235 :    555    566    565
   236 :    357    436    358
   237 :    447    539    446
   238 :    451    501    449
   239 :    156    350    319
   240 :    484    815    384
   241 :    281    548    381
   242 :    502    667    638
   243 :    407    409    408
   244 :    465    496    495
   245 :    446    537    536
   246 :    444    446    443
   247 :    539    660    606
   248 :     64    456    346
   249 :    442    443    441
   250 :    353    383    113
   251 :    354    384     58
   252 :     59    390    354
   253 :    351    393     53
   254 :    349    394    123
   255 :     99    395    348
   256 :    344    391    118
   257 :    104    392    345
   258 :    342    396     48
   259 :    286    441    440
   260 :    494    700    597
   261 :    378    382    379
   262 :      9    398    343
   263 :    339    400     18
   264 :    348    403     98
   265 :    419    535    421
   266 :    763    802     23
   267 :    765    813    133
   268 :    757    812    128
   269 :    750    806     68
   270 :    754    807    108
   271 :    751    810    113
   272 :    756    808     48
   273 :    755    809    103
   274 :    753    803     63
   275 :    769    814     33
   276 :    770    811     88
   277 :    767    804     28
   278 :    409    543    410
   279 :    322    401    128
   280 :    416    558    557
   281 :    320    357    340
   282 :    698    747    612
   283 :    280    654    600
   284 :    449    452    447
   285 :    543    774    559
   286 :    405    406    317
   287 :    324    570    561
   288 :    494    597    356
   289 :    600    654    388
   290 :    421    424    423
   291 :    436    677    611
   292 :    366    567    387
   293 :     54    351     53
   294 :    109    352    108
   295 :    114    353    113
   296 :     59    354     58
   297 :     99    348     98
   298 :    124    349    123
   299 :     64    346     63
   300 :    119    344    118
   301 :    104    345    103
   302 :     49    342     48
   303 :    501    572    452
   304 :    602    610    562
   305 :     44    338     43
   306 :    296    468     78
   307 :    213    549    293
   308 :    421    535    424
   309 :    364    567    366
   310 :    529    814    769
   311 :    523    813    765
   312 :     39    404    317
   313 :    515    811    770
   314 :    537    538    536
   315 :    507    802    763
   316 :    443    445    441
   317 :    417    425    419
   318 :    318    426     23
   319 :      9    343      8
   320 :     14    341     13
   321 :    528    804    767
   322 :     19    339     18
   323 :    514    812    757
   324 :    319    360    337
   325 :    444    447    446
   326 :    380    569    321
   327 :    509    806    750
   328 :    512    807    754
   329 :    449    501    452
   330 :    508    808    756
   331 :    522    809    755
   332 :    520    810    751
   333 :    519    803    753
   334 :    446    536    443
   335 :    557    847    425
   336 :    417    557    425
   337 :    442    444    443
   338 :    416    557    417
   339 :    323    432     93
   340 :    446    539    537
   341 :    412    416    414
   342 :    286    442    441
   343 :    324    325    283
   344 :    328    553    552
   345 :    412    559    416
   346 :    372    679    599
   347 :    129    322    128
   348 :    558    774    634
   349 :    606    698    612
   350 :    290    430    133
   351 :    439    610    602
   352 :    553    554    552
   353 :    517    733    718
   354 :     94    323     93
   355 :    366    387    386
   356 :    437    438    358
   357 :    530    531    371
   358 :    567    571    387
   359 :     24    435    318
   360 :    568    593    494
   361 :    407    408    406
   362 :    537    612    538
   363 :    210    643    547
   364 :    617    800    431
   365 :    387    600    388
   366 :     34    473    289
   367 :    363    530    371
   368 :    424    545    423
   369 :    496    663    640
   370 :    718    733    134
   371 :    551    565    367
   372 :    493    494    356
   373 :     39    317     38
   374 :     24    318     23
   375 :    409    636    544
   376 :    513    737    724
   377 :    639    667    502
   378 :    524    738    722
   379 :    510    739    716
   380 :    518    740    723
   381 :    286    440     83
   382 :    291    476     88
   383 :    327    551    330
   384 :    516    746    725
   385 :    289    453     33
   386 :    511    748    717
   387 :    724    737     54
   388 :    722    738     49
   389 :    716    739    114
   390 :    723    740    119
   391 :     79    296     78
   392 :    325    328    327
   393 :    714    777      4
   394 :    367    368    332
   395 :    330    367    332
   396 :    134    290    133
   397 :    725    746     94
   398 :    717    748     74
   399 :    416    417    414
   400 :    544    665    543
   401 :    380    598    569
   402 :    526    759    726
   403 :     89    291     88
   404 :    368    604    332
   405 :    363    371    364
   406 :    360    486    485
   407 :    726    759     89
   408 :     34    289     33
   409 :     29    288     28
   410 :    282    743    611
   411 :    521    766    721
   412 :    325    561    328
   413 :    409    410    408
   414 :    486    547    487
   415 :    434    595    482
   416 :     84    286     83
   417 :    715    781      9
   418 :     18    782    713
   419 :    721    766     79
   420 :    762    805     73
   421 :    387    388    386
   422 :    720    785     39
   423 :    281    599    548
   424 :    360    485    337
   425 :    330    551    367
   426 :    290    596    430
   427 :    554    555    552
   428 :    462    775    608
   429 :    296    794    669
   430 :    486    487    485
   431 :    320    359    357
   432 :     54    702    351
   433 :    114    703    353
   434 :    433    594    432
   435 :    540    688    340
   436 :    346    704     63
   437 :     49    705    342
   438 :    463    788    466
   439 :    119    706    344
   440 :    345    707    103
   441 :    288    697    499
   442 :    450    451    449
   443 :    621    649    373
   444 :    619    653    374
   445 :    618    650    375
   446 :    620    651    376
   447 :    622    652    377
   448 :    360    488    486
   449 :    561    570    562
   450 :    124    709    349
   451 :    350    708    569
   452 :    572    660    452
   453 :    448    449    447
   454 :    441    560    440
   455 :    534    613    415
   456 :    333    363    362
   457 :    335    615    479
   458 :    452    660    539
   459 :    493    568    494
   460 :    212    549    213
   461 :    330    332    331
   462 :    676    697    453
   463 :    431    787    617
   464 :    124    757    709
   465 :    704    753     63
   466 :    707    755    103
   467 :     19    734    339
   468 :    549    550    293
   469 :    335    479    370
   470 :    598    623    350
   471 :    532    695    381
   472 :    333    604    363
   473 :    587    816    429
   474 :     19    763    734
   475 :    556    784    278
   476 :    433    659    594
   477 :    371    680    567
   478 :     16    713    504
   479 :    505    715     11
   480 :    503    714      6
   481 :    513    724     56
   482 :    511    717     76
   483 :    516    725     96
   484 :    510    716    116
   485 :    521    721     81
   486 :    506    720     41
   487 :    524    722     51
   488 :    517    718    136
   489 :    518    723    121
   490 :    526    726     91
   491 :    527    719     36
   492 :    134    695    290
   493 :    372    599    281
   494 :    416    559    558
   495 :    454    773    484
   496 :    596    799    385
   497 :    149    849    295
   498 :    293    796    699
   499 :    467    760    462
   500 :     94    728    323
   501 :    367    624    368
   502 :    274    774    543
   503 :    271    853    605
   504 :    363    364    362
   505 :    536    843    445
   506 :    492    851    468
   507 :    499    697    616
   508 :    490    668    397
   509 :    358    540    340
   510 :    417    419    418
   511 :    419    421    420
   512 :    427    710    426
   513 :    437    439    438
   514 :    327    330    329
   515 :    332    333    331
   516 :    770    789     84
   517 :    539    606    537
   518 :    503    777    714
   519 :    421    423    422
   520 :    679    835    599
   521 :    630    660    572
   522 :    281    381    138
   523 :    505    781    715
   524 :    713    782    504
   525 :    325    327    326
   526 :    506    785    720
   527 :    425    742    535
   528 :      4    378    321
   529 :    412    414    413
   530 :    285    640    545
   531 :    382    681    379
   532 :    561    562    553
   533 :    410    412    411
   534 :    388    455    389
   535 :    356    597    347
   536 :    475    696    469
   537 :    485    542    337
   538 :    571    600    387
   539 :    374    653    168
   540 :    377    652    174
   541 :    376    651    172
   542 :    375    650    170
   543 :    373    649    176
   544 :    563    818    306
   545 :    694    777      8
   546 :    328    561    553
   547 :    161    661    268
   548 :    317    771     38
   549 :    217    574    218
   550 :    445    560    441
   551 :    542    764    337
   552 :    444    448    447
   553 :    634    664    558
   554 :    325    326    283
   555 :    220    575    221
   556 :    183    581    184
   557 :    238    579    239
   558 :    186    585    187
   559 :    181    588    182
   560 :    243    584    244
   561 :    783    788    463
   562 :     54    737    702
   563 :    114    739    703
   564 :    429    749    428
   565 :    240    589    241
   566 :     49    738    705
   567 :    119    740    706
   568 :    488    850    848
   569 :    230    269    229
   570 :    227    271    226
   571 :    445    843    568
   572 :    330    331    329
   573 :    209    643    210
   574 :    151    855    320
   575 :    366    386    385
   576 :    134    733    695
   577 :     94    746    728
   578 :    592    627    308
   579 :    597    661    347
   580 :    332    604    333
   581 :    448    450    449
   582 :    211    294    212
   583 :    213    293    214
   584 :    208    292    209
   585 :    364    366    365
   586 :    507    763     19
   587 :    523    765    129
   588 :    514    757    124
   589 :    509    750     64
   590 :    512    754    104
   591 :    520    751    109
   592 :    508    756     44
   593 :    522    755     99
   594 :    519    753     59
   595 :    529    769     29
   596 :    515    770     84
   597 :    528    767     24
   598 :    562    610    553
   599 :    327    329    326
   600 :    607    790    459
   601 :     84    789    286
   602 :    417    418    414
   603 :    294    549    212
   604 :    492    493    356
   605 :    459    824    607
   606 :    319    623    360
   607 :    333    362    361
   608 :    284    836    544
   609 :    549    850    550
   610 :    397    668    478
   611 :    355    356    347
   612 :    233    270    232
   613 :    758    785     43
   614 :    553    610    554
   615 :    410    411    408
   616 :    419    420    418
   617 :    534    614    591
   618 :    442    601    444
   619 :    702    815    429
   620 :    264    277    263
   621 :    336    347    298
   622 :    412    413    411
   623 :    444    601    448
   624 :    261    275    260
   625 :    771    792     38
   626 :    204    273    203
   627 :    198    274    197
   628 :    201    272    200
   629 :    421    422    420
   630 :    483    627    477
   631 :    258    276    257
   632 :    488    848    486
   633 :    388    389    386
   634 :    608    776    462
   635 :    333    361    331
   636 :    545    845    285
   637 :    574    576    218
   638 :    165    314    237
   639 :    267    279    266
   640 :    236    280    235
   641 :    361    772    548
   642 :    575    577    221
   643 :    300    603    589
   644 :    559    774    558
   645 :    550    850    793
   646 :    423    546    422
   647 :    364    365    362
   648 :    239    579    300
   649 :    187    585    311
   650 :    182    588    312
   651 :    244    584    308
   652 :     28    786    767
   653 :    699    856    573
   654 :    439    743    556
   655 :     14    782    736
   656 :    735    781     13
   657 :    581    586    184
   658 :    278    784    164
   659 :    195    284    194
   660 :    207    285    206
   661 :    541    670    269
   662 :    418    616    414
   663 :    173    686    151
   664 :    169    685    144
   665 :    167    684    139
   666 :    171    687    149
   667 :    175    683    156
   668 :    288    786     28
   669 :    164    282    163
   670 :    390    753    704
   671 :    407    636    409
   672 :    395    755    707
   673 :    283    839    143
   674 :    666    668    490
   675 :    255    287    166
   676 :    215    573    216
   677 :    455    497    389
   678 :    343    694      8
   679 :    525    762     69
   680 :    360    623    488
   681 :    674    852    402
   682 :    709    757    401
   683 :    593    843    538
   684 :    439    602    438
   685 :    298    661    161
   686 :    350    623    319
   687 :    366    385    365
   688 :    140    619    167
   689 :    152    622    173
   690 :    145    618    169
   691 :      2    620    171
   692 :    157    621    175
   693 :    773    798    484
   694 :    694    745    382
   695 :    170    650    147
   696 :    174    652    154
   697 :    176    649    159
   698 :    172    651      1
   699 :    168    653    142
   700 :    646    728    403
   701 :    216    313    217
   702 :    219    310    220
   703 :    222    303    223
   704 :    760    775    462
   705 :    565    624    367
   706 :    254    315    165
   707 :    166    316    238
   708 :    182    312    183
   709 :    187    311    188
   710 :    244    308    245
   711 :    247    309    248
   712 :    249    306    250
   713 :    242    307    243
   714 :    185    305    186
   715 :    180    304    181
   716 :    190    302    191
   717 :    548    772    532
   718 :    252    301    253
   719 :    239    300    240
   720 :    177    299    178
   721 :    193    297    161
   722 :    355    492    356
   723 :    734    763    426
   724 :    615    645    479
   725 :    414    616    413
   726 :    218    576    219
   727 :    221    577    222
   728 :    253    580    254
   729 :    248    582    249
   730 :    251    590    252
   731 :    184    586    185
   732 :    491    796    380
   733 :    192    615    193
   734 :    458    648    457
   735 :    385    532    365
   736 :    160    591    177
   737 :    420    499    418
   738 :    710    734    426
   739 :    481    671    399
   740 :    606    612    537
   741 :    823    838    303
   742 :    408    609    406
   743 :    438    540    358
   744 :    359    855    542
   745 :    605    670    541
   746 :    336    355    347
   747 :    499    616    418
   748 :    293    699    214
   749 :    216    573    313
   750 :    482    659    433
   751 :    191    645    192
   752 :    525    805    762
   753 :    313    574    217
   754 :    310    575    220
   755 :    370    662    641
   756 :    306    831    563
   757 :    312    581    183
   758 :    279    692    597
   759 :    338    758     43
   760 :    411    609    408
   761 :    316    579    238
   762 :    305    585    186
   763 :    304    588    181
   764 :    307    584    243
   765 :    289    676    453
   766 :    300    589    240
   767 :    270    690    571
   768 :    352    731    108
   769 :    109    730    352
   770 :    575    578    577
   771 :     44    732    338
   772 :    597    692    661
   773 :    219    576    310
   774 :    297    335    334
   775 :    189    637    190
   776 :    222    577    303
   777 :    388    654    455
   778 :    476    789    770
   779 :     14    736    341
   780 :    341    735     13
   781 :    144    691    324
   782 :    373    683    621
   783 :    374    684    619
   784 :    376    687    620
   785 :    375    685    618
   786 :    377    686    622
   787 :    699    796    491
   788 :    584    592    308
   789 :    555    655    566
   790 :    297    298    161
   791 :    254    580    315
   792 :    335    370    369
   793 :    585    607    311
   794 :    533    795    534
   795 :    309    582    248
   796 :    249    582    306
   797 :    301    580    253
   798 :    252    590    301
   799 :    185    586    305
   800 :    602    833    295
   801 :    193    615    297
   802 :    276    841    572
   803 :    581    587    586
   804 :    225    655    224
   805 :    657    791    474
   806 :    139    840    372
   807 :    461    780    460
   808 :    177    591    299
   809 :    297    615    335
   810 :    560    794    440
   811 :    491    856    699
   812 :    589    817    241
   813 :    302    645    191
   814 :    568    843    593
   815 :    202    635    201
   816 :    203    631    202
   817 :    336    474    355
   818 :    199    634    198
   819 :    260    630    259
   820 :    265    628    264
   821 :    229    670    228
   822 :    192    645    615
   823 :    190    637    302
   824 :    266    629    265
   825 :    495    823    464
   826 :    205    632    204
   827 :    257    638    256
   828 :    334    336    298
   829 :    480    711    578
   830 :    663    710    427
   831 :    575    693    578
   832 :    206    633    205
   833 :    237    642    236
   834 :    311    824    821
   835 :    143    626    374
   836 :    292    643    209
   837 :    158    621    157
   838 :    153    622    152
   839 :      0    620      2
   840 :    141    619    140
   841 :    146    618    145
   842 :    582    583    306
   843 :    471    831    583
   844 :    590    608    301
   845 :    448    644    450
   846 :    245    656    246
   847 :    308    656    245
   848 :    489    824    459
   849 :    599    835    361
   850 :    584    696    592
   851 :    603    783    463
   852 :    215    699    573
   853 :    399    745    343
   854 :    601    644    448
   855 :    431    800    490
   856 :    535    797    424
   857 :    496    834    495
   858 :    681    856    379
   859 :    595    826    287
   860 :    299    666    178
   861 :    370    641    369
   862 :    745    761    647
   863 :    592    696    475
   864 :    200    664    199
   865 :    848    850    294
   866 :    422    625    420
   867 :    696    846    469
   868 :    461    832    583
   869 :    347    661    298
   870 :    626    679    372
   871 :    637    648    302
   872 :    304    617    588
   873 :    335    369    334
   874 :    712    822    231
   875 :    256    667    255
   876 :    297    334    298
   877 :    378    777    694
   878 :    462    776    394
   879 :    538    744    593
   880 :     34    792    473
   881 :    324    691    570
   882 :    564    817    589
   883 :    232    712    231
   884 :    382    745    647
   885 :    598    793    623
   886 :     69    662     68
   887 :    626    839    679
   888 :    471    832    391
   889 :    320    855    359
   890 :    302    701    645
   891 :    197    665    196
   892 :    647    761    574
   893 :    592    682    627
   894 :    617    749    588
   895 :    434    646    595
   896 :    420    625    499
   897 :    562    833    602
   898 :    585    773    607
   899 :    413    658    411
   900 :    395    820    463
   901 :    275    698    606
   902 :    429    816    749
   903 :    313    647    574
   904 :    178    666    179
   905 :    627    656    308
   906 :    593    700    494
   907 :    201    635    272
   908 :    590    818    563
   909 :    264    628    277
   910 :    273    631    203
   911 :    390    790    454
   912 :    428    787    393
   913 :    275    630    260
   914 :    682    730    477
   915 :    198    634    274
   916 :    767    786    435
   917 :    534    795    614
   918 :    600    678    280
   919 :    159    649    158
   920 :    147    650    146
   921 :      1    651      0
   922 :    154    652    153
   923 :    142    653    141
   924 :    362    772    361
   925 :    581    816    587
   926 :    204    632    273
   927 :    468    748     78
   928 :    568    828    445
   929 :    276    638    257
   930 :    531    680    371
   931 :    290    799    596
   932 :    411    658    609
   933 :    384    737     58
   934 :    391    739    118
   935 :    442    789    601
   936 :    304    801    800
   937 :    295    778    602
   938 :    279    629    266
   939 :    394    740    123
   940 :    393    738     53
   941 :    269    670    229
   942 :    272    664    200
   943 :    247    741    309
   944 :    402    842    401
   945 :    235    678    234
   946 :    379    856    491
   947 :    236    642    280
   948 :    403    746     98
   949 :    672    791    657
   950 :    274    665    197
   951 :    227    853    271
   952 :    591    844    299
   953 :    361    835    331
   954 :    285    633    206
   955 :    180    801    304
   956 :    233    690    270
   957 :    303    838    223
   958 :    230    822    269
   959 :    603    820    470
   960 :    314    642    237
   961 :    311    821    188
   962 :    242    817    307
   963 :    306    818    250
   964 :    389    830    596
   965 :    440    766     83
   966 :    432    759     93
   967 :    299    668    666
   968 :    282    611    500
   969 :    251    818    590
   970 :    670    853    228
   971 :    596    830    430
   972 :    434    728    646
   973 :    282    500    163
   974 :    550    793    598
   975 :    280    678    235
   976 :    695    733    381
   977 :    467    842    675
   978 :    156    708    350
   979 :    702    737    384
   980 :    484    798    587
   981 :    703    739    391
   982 :    705    738    393
   983 :    706    740    394
   984 :    768    834    640
   985 :    261    698    275
   986 :    583    832    471
   987 :    234    690    233
   988 :    424    845    545
   989 :    532    772    365
   990 :    469    846    564
   991 :    492    669    493
   992 :    631    635    202
   993 :    743    784    556
   994 :    482    837    659
   995 :     89    779    291
   996 :    576    671    310
   997 :     79    794    296
   998 :    658    676    289
   999 :    609    771    406
  1000 :    329    679    326
  1001 :    381    733    138
  1002 :    189    821    637
  1003 :    404    785    758
  1004 :    265    629    628
  1005 :    614    844    591
  1006 :    640    663    545
  1007 :    656    741    246
  1008 :    642    654    280
  1009 :    639    837    482
  1010 :    573    681    313
  1011 :    728    746    403
  1012 :    353    703    461
  1013 :    601    789    476
  1014 :    817    846    307
  1015 :    351    702    429
  1016 :    336    657    474
  1017 :    342    705    431
  1018 :    459    704    346
  1019 :    255    667    287
  1020 :    277    747    263
  1021 :    262    698    261
  1022 :    344    706    472
  1023 :    470    707    345
  1024 :    214    699    215
  1025 :    612    747    277
  1026 :    437    743    439
  1027 :    205    633    632
  1028 :    370    729    662
  1029 :    473    771    609
  1030 :      8    777    503
  1031 :    199    664    634
  1032 :    736    782    400
  1033 :    398    781    735
  1034 :    463    820    603
  1035 :    267    692    279
  1036 :    349    709    467
  1037 :    224    655    278
  1038 :    285    845    633
  1039 :    378    694    382
  1040 :    640    834    496
  1041 :    268    692    267
  1042 :    275    660    630
  1043 :    413    676    658
  1044 :    323    728    434
  1045 :     39    785    404
  1046 :    334    657    336
  1047 :    638    667    256
  1048 :    309    854    582
  1049 :    607    773    454
  1050 :    563    831    471
  1051 :    472    776    608
  1052 :     13    781    505
  1053 :    504    782     14
  1054 :    616    676    413
  1055 :    495    838    823
  1056 :    641    662     69
  1057 :    258    841    276
  1058 :    731    754    108
  1059 :    400    782     18
  1060 :      9    781    398
  1061 :     44    756    732
  1062 :    109    751    730
  1063 :     43    785    506
  1064 :    608    775    301
  1065 :    673    674    314
  1066 :    594    779    432
  1067 :    578    711    577
  1068 :    493    828    568
  1069 :    666    801    179
  1070 :    602    778    438
  1071 :    300    783    603
  1072 :    313    681    647
  1073 :    727    750     68
  1074 :    641    672    369
  1075 :    195    836    284
  1076 :    287    667    639
  1077 :    207    768    285
  1078 :    456    727    458
  1079 :    605    853    670
  1080 :    531    822    712
  1081 :    339    734    465
  1082 :    465    710    496
  1083 :    295    849    778
  1084 :    369    657    334
  1085 :    165    673    314
  1086 :    352    730    682
  1087 :    404    758    533
  1088 :    138    733    517
  1089 :    570    833    562
  1090 :     74    791     73
  1091 :    341    752    735
  1092 :    428    749    617
  1093 :    477    730    383
  1094 :    392    731    475
  1095 :    478    732    396
  1096 :     58    737    513
  1097 :    118    739    510
  1098 :     53    738    524
  1099 :    123    740    518
  1100 :    355    851    492
  1101 :    611    743    437
  1102 :     98    746    516
  1103 :    310    693    575
  1104 :     78    748    511
  1105 :    263    747    262
  1106 :    398    735    481
  1107 :    246    741    247
  1108 :    480    736    400
  1109 :    307    696    584
  1110 :     93    759    526
  1111 :    587    798    586
  1112 :    687    688    149
  1113 :    455    819    674
  1114 :    579    788    783
  1115 :    270    712    232
  1116 :     64    750    456
  1117 :    426    763     23
  1118 :    678    690    234
  1119 :     83    766    521
  1120 :    401    757    128
  1121 :    483    656    627
  1122 :    430    765    133
  1123 :    104    754    392
  1124 :    383    751    113
  1125 :    396    756     48
  1126 :     99    755    395
  1127 :     59    753    390
  1128 :    315    673    165
  1129 :    735    752    481
  1130 :    583    854    461
  1131 :    479    729    370
  1132 :      4    777    378
  1133 :    406    771    317
  1134 :    764    855    151
  1135 :    611    677    500
  1136 :    645    701    479
  1137 :    627    682    477
  1138 :    587    815    484
  1139 :    451    837    502
  1140 :    162    768    207
  1141 :    453    769     33
  1142 :    456    750    727
  1143 :    486    848    547
  1144 :    470    820    707
  1145 :    577    711    303
  1146 :     24    767    435
  1147 :    476    770     88
  1148 :    286    789    442
  1149 :    369    672    657
  1150 :    329    835    679
  1151 :    304    800    617
  1152 :    392    754    731
  1153 :    730    751    383
  1154 :    732    756    396
  1155 :    422    825    625
  1156 :    630    841    259
  1157 :    158    649    621
  1158 :      0    651    620
  1159 :    146    650    618
  1160 :    153    652    622
  1161 :    141    653    619
  1162 :    821    824    489
  1163 :    671    693    310
  1164 :    285    768    640
  1165 :    465    734    710
  1166 :    343    745    694
  1167 :    473    792    771
  1168 :    143    839    626
  1169 :    445    828    560
  1170 :    685    691    144
  1171 :    693    752    578
  1172 :    662    727     68
  1173 :    588    749    312
  1174 :    701    729    479
  1175 :    576    761    671
  1176 :    662    729    727
  1177 :    661    692    268
  1178 :    287    826    166
  1179 :    679    839    326
  1180 :    574    761    576
  1181 :    538    843    536
  1182 :    626    840    374
  1183 :    641    762    672
  1184 :    179    801    180
  1185 :    564    846    817
  1186 :    315    675    673
  1187 :    459    790    704
  1188 :    231    822    230
  1189 :    665    836    196
  1190 :    705    787    431
  1191 :    607    824    311
  1192 :    625    786    288
  1193 :    241    817    242
  1194 :    250    818    251
  1195 :    262    747    698
  1196 :     21    507     20
  1197 :     46    508     45
  1198 :     61    519     60
  1199 :     71    525     70
  1200 :    101    522    100
  1201 :    131    523    130
  1202 :    111    520    110
  1203 :     86    515     85
  1204 :    126    514    125
  1205 :     66    509     65
  1206 :    106    512    105
  1207 :     26    528     25
  1208 :     31    529     30
  1209 :    580    760    315
  1210 :    683    708    156
  1211 :    188    821    189
  1212 :    842    852    675
  1213 :    637    821    489
  1214 :    709    842    467
  1215 :    648    701    302
  1216 :    579    783    300
  1217 :    315    760    675
  1218 :    668    844    478
  1219 :    279    700    629
  1220 :    164    784    282
  1221 :    365    772    362
  1222 :    703    832    461
  1223 :    466    827    646
  1224 :    196    836    195
  1225 :    483    741    656
  1226 :    301    775    580
  1227 :    686    764    151
  1228 :    259    841    258
  1229 :    438    778    540
  1230 :    228    853    227
  1231 :    706    776    472
  1232 :    580    775    760
  1233 :    550    796    293
  1234 :    625    825    786
  1235 :    223    838    162
  1236 :    572    841    630
  1237 :    458    729    701
  1238 :    791    829    474
  1239 :    481    693    671
  1240 :    331    835    329
  1241 :    623    793    488
  1242 :    780    854    309
  1243 :    490    801    666
  1244 :    674    819    314
  1245 :    399    761    745
  1246 :    305    773    585
  1247 :    497    830    389
  1248 :    793    850    488
  1249 :    727    729    458
  1250 :    542    855    764
  1251 :    800    801    490
  1252 :    586    798    305
  1253 :    430    830    689
  1254 :    647    681    382
  1255 :    642    819    654
  1256 :    326    839    283
  1257 :    385    799    532
  1258 :    788    827    466
  1259 :    316    788    579
  1260 :    376    688    687
  1261 :    672    762     73
  1262 :    619    684    167
  1263 :    621    683    175
  1264 :    620    687    171
  1265 :    622    686    173
  1266 :    618    685    169
  1267 :    294    850    549
  1268 :    669    828    493
  1269 :    628    744    277
  1270 :    273    742    631
  1271 :    454    790    607
  1272 :    758    795    533
  1273 :    546    825    422
  1274 :    646    827    595
  1275 :    314    819    642
  1276 :    544    836    665
  1277 :    166    826    316
  1278 :    680    712    270
  1279 :    273    797    742
  1280 :    711    823    303
  1281 :    374    840    684
  1282 :    312    816    581
  1283 :    531    712    680
  1284 :    673    852    674
  1285 :    634    774    274
  1286 :    305    798    773
  1287 :    375    691    685
  1288 :    688    849    149
  1289 :    478    844    614
  1290 :    671    761    399
  1291 :    458    701    648
  1292 :    617    787    428
  1293 :    659    837    451
  1294 :     38    792    527
  1295 :    749    816    312
  1296 :     74    829    791
  1297 :    583    831    306
  1298 :    632    797    273
  1299 :    338    795    758
  1300 :    654    819    455
  1301 :    373    708    683
  1302 :     69    762    641
  1303 :    502    837    639
  1304 :    560    828    669
  1305 :    582    854    583
  1306 :    675    852    673
  1307 :    689    830    497
  1308 :    675    760    467
  1309 :    474    851    355
  1310 :    742    797    535
  1311 :    425    847    742
  1312 :     17    713     16
  1313 :     11    715     10
  1314 :    116    716    115
  1315 :     36    719     35
  1316 :      6    714      5
  1317 :     76    717     75
  1318 :    136    718    135
  1319 :    121    723    120
  1320 :     51    722     50
  1321 :     41    720     40
  1322 :     56    724     55
  1323 :     81    721     80
  1324 :     91    726     90
  1325 :     96    725     95
  1326 :    384    815    702
  1327 :     73    791    672
  1328 :    316    827    788
  1329 :    162    838    834
  1330 :    532    799    695
  1331 :    834    838    495
  1332 :    402    852    842
  1333 :    299    844    668
  1334 :    377    764    686
  1335 :    631    847    635
  1336 :    695    799    290
  1337 :     21    802    507
  1338 :     71    805    525
  1339 :     61    803    519
  1340 :    111    810    520
  1341 :     66    806    509
  1342 :    101    809    522
  1343 :    106    807    512
  1344 :     86    811    515
  1345 :     46    808    508
  1346 :    131    813    523
  1347 :    126    812    514
  1348 :     26    804    528
  1349 :     31    814    529
  1350 :    372    840    626
  1351 :    759    779     89
  1352 :    432    779    759
  1353 :    481    752    693
  1354 :    394    776    706
  1355 :    748    829     74
  1356 :    786    825    435
  1357 :    766    794     79
  1358 :    440    794    766
  1359 :    162    834    768
  1360 :    391    832    703
  1361 :    742    847    631
  1362 :    573    856    681
  1363 :    595    827    826
  1364 :    540    849    688
  1365 :    393    787    705
  1366 :    704    790    390
  1367 :    468    829    748
  1368 :    826    827    316
  1369 :    707    820    395
  1370 :    401    842    709
  1371 :     22    802     21
  1372 :     62    803     61
  1373 :     72    805     71
  1374 :     67    806     66
  1375 :     27    804     26
  1376 :    102    809    101
  1377 :     87    811     86
  1378 :    112    810    111
  1379 :    132    813    131
  1380 :    107    807    106
  1381 :    127    812    126
  1382 :     47    808     46
  1383 :     32    814     31
  1384 :    307    846    696
  1385 :    684    840    139
  1386 :    829    851    474
  1387 :    468    851    829
  1388 :    778    849    540
  1389 :    461    854    780
  1390 :      5    714      4
  1391 :     10    715      9
  1392 :     15    504     14
  1393 :     18    713     17
  1394 :     20    507     19
  1395 :     23    802     22
  1396 :     25    528     24
  1397 :     28    804     27
  1398 :     30    529     29
  1399 :     33    814     32
  1400 :     35    719     34
  1401 :     40    720     39
  1402 :     45    508     44
  1403 :     48    808     47
  1404 :     50    722     49
  1405 :     55    724     54
  1406 :     60    519     59
  1407 :     63    803     62
  1408 :     65    509     64
  1409 :     68    806     67
  1410 :     70    525     69
  1411 :     73    805     72
  1412 :     75    717     74
  1413 :     80    721     79
  1414 :     85    515     84
  1415 :     88    811     87
  1416 :     90    726     89
  1417 :     95    725     94
  1418 :    100    522     99
  1419 :    103    809    102
  1420 :    105    512    104
  1421 :    108    807    107
  1422 :    110    520    109
  1423 :    113    810    112
  1424 :    115    716    114
  1425 :    120    723    119
  1426 :    125    514    124
  1427 :    128    812    127
  1428 :    130    523    129
  1429 :    133    813    132
  1430 :    135    718    134
  1431 :      8    503      7
  1432 :     13    505     12
  1433 :     38    527     37
  1434 :     43    506     42
  1435 :     53    524     52
  1436 :     58    513     57
  1437 :     78    511     77
  1438 :     83    521     82
  1439 :     93    526     92
  1440 :     98    516     97
  1441 :    118    510    117
  1442 :    123    518    122
  1443 :    138    517    137
  1444 :    149    295    148
Number of domains 3
  Domain :      0 
  Name : Free
  Number of elements :    166
     0     1     2     3     4     5     6     7     8     9
    10    11    12    13    14    15    16    17    18    19
    20    21    22    23    24    25    26    27    28    29
    30    31    32    33    34    35    36    37    38    39
    40    41    42    43    44    45    46    47    48    49
    50    51    52    53    54    55    56    57    58    59
    60    61    62    63    64    65    66    67    68    69
    70    71    72    73    74    75    76    77    78    79
    80    81    82    83    84    85    86    87    88    89
    90    91    92    93    94    95    96    97    98    99
   100   101   102   103   104   105   106   107   108   109
   110   111   112   113   114   115   116   117   118   119
   120   121   122   123   124   125   126   127   128   129
   130   131   132   133   134   135   136   137   138   139
   140   141   142   143   144   145   146   147   148   149
   150   151   152   153   154   155   156   157   158   159
   160   163   164   165   166   167
  Domain :      1 
  Name : Inner
  Number of elements :     99
   170   171   172   173   174   175   176   177   178   179
   180   181   182   183   184   185   186   187   188   189
   190   191   192   193   194   195   196   197   198   199
   200   201   202   203   204   205   206   207   208   209
   210   211   212   213   214   215   216   217   218   219
   220   221   222   223   224   225   226   227   228   229
   230   231   232   233   234   235   236   237   238   239
   240   241   242   243   244   245   246   247   248   249
   250   251   252   253   254   255   256   257   258   259
   260   261   262   263   264   265   266   267   268
  Domain :      2 
  Name : Force
  Number of elements :      4
   161   162   168   169
