Number of nodes 1545 
     0 :  2.7400000e+01 -8.3655305e-15 
     1 :  2.7384885e+01  9.0998959e-01 
     2 :  2.7384885e+01 -9.0998959e-01 
     3 :  2.2481425e+01  1.0935517e+01 
     4 :  2.1582560e+01  1.2617174e+01 
     5 :  2.3275263e+01  1.4457598e+01 
     6 :  2.2782267e+01  1.5222624e+01 
     7 :  2.2264136e+01  1.5970856e+01 
     8 :  1.9916037e+01  1.5111302e+01 
     9 :  1.8706369e+01  1.6585288e+01 
    10 :  2.0007498e+01  1.8720578e+01 
    11 :  1.9374726e+01  1.9374726e+01 
    12 :  1.8720578e+01  2.0007498e+01 
    13 :  1.6585288e+01  1.8706369e+01 
    14 :  1.5111302e+01  1.9916037e+01 
    15 :  1.5970856e+01  2.2264136e+01 
    16 :  1.5222624e+01  2.2782267e+01 
    17 :  1.4457598e+01  2.3275263e+01 
    18 :  1.2617174e+01  2.1582560e+01 
    19 :  1.0935517e+01  2.2481425e+01 
    20 :  1.1320462e+01  2.4952097e+01 
    21 :  1.0485526e+01  2.5314299e+01 
    22 :  9.6390210e+00  2.5648573e+01 
    23 :  8.1641902e+00  2.3629346e+01 
    24 :  6.3394852e+00  2.4182864e+01 
    25 :  6.2350304e+00  2.6681162e+01 
    26 :  5.3454748e+00  2.6873517e+01 
    27 :  4.4500216e+00  2.7036222e+01 
    28 :  3.3974609e+00  2.4768069e+01 
    29 :  1.4998310e+00  2.4954970e+01 
    30 :  9.0998959e-01  2.7384885e+01 
    31 :  1.5210055e-15  2.7400000e+01 
    32 : -9.0998959e-01  2.7384885e+01 
    33 : -1.4998310e+00  2.4954970e+01 
    34 : -3.3974609e+00  2.4768069e+01 
    35 : -4.4500216e+00  2.7036222e+01 
    36 : -5.3454748e+00  2.6873517e+01 
    37 : -6.2350304e+00  2.6681162e+01 
    38 : -6.3394852e+00  2.4182864e+01 
    39 : -8.1641902e+00  2.3629346e+01 
    40 : -9.6390210e+00  2.5648573e+01 
    41 : -1.0485526e+01  2.5314299e+01 
    42 : -1.1320462e+01  2.4952097e+01 
    43 : -1.0935517e+01  2.2481425e+01 
    44 : -1.2617174e+01  2.1582560e+01 
    45 : -1.4457598e+01  2.3275263e+01 
    46 : -1.5222624e+01  2.2782267e+01 
    47 : -1.5970856e+01  2.2264136e+01 
    48 : -1.5111302e+01  1.9916037e+01 
    49 : -1.6585288e+01  1.8706369e+01 
    50 : -1.8720578e+01  2.0007498e+01 
    51 : -1.9374726e+01  1.9374726e+01 
    52 : -2.0007498e+01  1.8720578e+01 
    53 : -1.8706369e+01  1.6585288e+01 
    54 : -1.9916037e+01  1.5111302e+01 
    55 : -2.2264136e+01  1.5970856e+01 
    56 : -2.2782267e+01  1.5222624e+01 
    57 : -2.3275263e+01  1.4457598e+01 
    58 : -2.1582560e+01  1.2617174e+01 
    59 : -2.2481425e+01  1.0935517e+01 
    60 : -2.4952097e+01  1.1320462e+01 
    61 : -2.5314299e+01  1.0485526e+01 
    62 : -2.5648573e+01  9.6390210e+00 
    63 : -2.3629346e+01  8.1641902e+00 
    64 : -2.4182864e+01  6.3394852e+00 
    65 : -2.6681162e+01  6.2350304e+00 
    66 : -2.6873517e+01  5.3454748e+00 
    67 : -2.7036222e+01  4.4500216e+00 
    68 : -2.4768069e+01  3.3974609e+00 
    69 : -2.4954970e+01  1.4998310e+00 
    70 : -2.7384885e+01  9.0998959e-01 
    71 : -2.7400000e+01  1.5210055e-15 
    72 : -2.7384885e+01 -9.0998959e-01 
    73 : -2.4954970e+01 -1.4998310e+00 
    74 : -2.4768069e+01 -3.3974609e+00 
    75 : -2.7036222e+01 -4.4500216e+00 
    76 : -2.6873517e+01 -5.3454748e+00 
    77 : -2.6681162e+01 -6.2350304e+00 
    78 : -2.4182864e+01 -6.3394852e+00 
    79 : -2.3629346e+01 -8.1641902e+00 
    80 : -2.5648573e+01 -9.6390210e+00 
    81 : -2.5314299e+01 -1.0485526e+01 
    82 : -2.4952097e+01 -1.1320462e+01 
    83 : -2.2481425e+01 -1.0935517e+01 
    84 : -2.1582560e+01 -1.2617174e+01 
    85 : -2.3275263e+01 -1.4457598e+01 
    86 : -2.2782267e+01 -1.5222624e+01 
    87 : -2.2264136e+01 -1.5970856e+01 
    88 : -1.9916037e+01 -1.5111302e+01 
    89 : -1.8706369e+01 -1.6585288e+01 
    90 : -2.0007498e+01 -1.8720578e+01 
    91 : -1.9374726e+01 -1.9374726e+01 
    92 : -1.8720578e+01 -2.0007498e+01 
    93 : -1.6585288e+01 -1.8706369e+01 
    94 : -1.5111302e+01 -1.9916037e+01 
    95 : -1.5970856e+01 -2.2264136e+01 
    96 : -1.5222624e+01 -2.2782267e+01 
    97 : -1.4457598e+01 -2.3275263e+01 
    98 : -1.2617174e+01 -2.1582560e+01 
    99 : -1.0935517e+01 -2.2481425e+01 
   100 : -1.1320462e+01 -2.4952097e+01 
   101 : -1.0485526e+01 -2.5314299e+01 
   102 : -9.6390210e+00 -2.5648573e+01 
   103 : -8.1641902e+00 -2.3629346e+01 
   104 : -6.3394852e+00 -2.4182864e+01 
   105 : -6.2350304e+00 -2.6681162e+01 
   106 : -5.3454748e+00 -2.6873517e+01 
   107 : -4.4500216e+00 -2.7036222e+01 
   108 : -3.3974609e+00 -2.4768069e+01 
   109 : -1.4998310e+00 -2.4954970e+01 
   110 : -9.0998959e-01 -2.7384885e+01 
   111 : -5.3235194e-15 -2.7400000e+01 
   112 :  9.0998959e-01 -2.7384885e+01 
   113 :  1.4998310e+00 -2.4954970e+01 
   114 :  3.3974609e+00 -2.4768069e+01 
   115 :  4.4500216e+00 -2.7036222e+01 
   116 :  5.3454748e+00 -2.6873517e+01 
   117 :  6.2350304e+00 -2.6681162e+01 
   118 :  6.3394852e+00 -2.4182864e+01 
   119 :  8.1641902e+00 -2.3629346e+01 
   120 :  9.6390210e+00 -2.5648573e+01 
   121 :  1.0485526e+01 -2.5314299e+01 
   122 :  1.1320462e+01 -2.4952097e+01 
   123 :  1.0935517e+01 -2.2481425e+01 
   124 :  1.2617174e+01 -2.1582560e+01 
   125 :  1.4457598e+01 -2.3275263e+01 
   126 :  1.5222624e+01 -2.2782267e+01 
   127 :  1.5970856e+01 -2.2264136e+01 
   128 :  1.5111302e+01 -1.9916037e+01 
   129 :  1.6585288e+01 -1.8706369e+01 
   130 :  1.8720578e+01 -2.0007498e+01 
   131 :  1.9374726e+01 -1.9374726e+01 
   132 :  2.0007498e+01 -1.8720578e+01 
   133 :  1.8706369e+01 -1.6585288e+01 
   134 :  1.9916037e+01 -1.5111302e+01 
   135 :  2.2264136e+01 -1.5970856e+01 
   136 :  2.2782267e+01 -1.5222624e+01 
   137 :  2.3275263e+01 -1.4457598e+01 
   138 :  2.1582560e+01 -1.2617174e+01 
   139 :  2.2481425e+01 -1.0935517e+01 
   140 :  2.4952097e+01 -1.1320462e+01 
   141 :  2.5314299e+01 -1.0485526e+01 
   142 :  2.5648573e+01 -9.6390210e+00 
   143 :  2.3629346e+01 -8.1641902e+00 
   144 :  2.4182864e+01 -6.3394852e+00 
   145 :  2.6681162e+01 -6.2350304e+00 
   146 :  2.6873517e+01 -5.3454748e+00 
   147 :  2.7036222e+01 -4.4500216e+00 
   148 :  2.4768069e+01 -3.3974609e+00 
   149 :  2.4954970e+01 -1.4998310e+00 
   150 :  2.4954970e+01  1.4998310e+00 
   151 :  2.4768069e+01  3.3974609e+00 
   152 :  2.7036222e+01  4.4500216e+00 
   153 :  2.6873517e+01  5.3454748e+00 
   154 :  2.6681162e+01  6.2350304e+00 
   155 :  2.4182864e+01  6.3394852e+00 
   156 :  2.3629346e+01  8.1641902e+00 
   157 :  2.5648573e+01  9.6390210e+00 
   158 :  2.5314299e+01  1.0485526e+01 
   159 :  2.4952097e+01  1.1320462e+01 
   160 : -8.7039614e+00  1.6720154e+01 
   161 : -1.8832059e+01 -8.2222545e-01 
   162 :  8.7039614e+00  1.6720154e+01 
   163 :  1.8850000e+01  0.0000000e+00 
   164 :  1.8832059e+01 -8.2222545e-01 
   165 :  1.0128098e+01 -1.5897929e+01 
   166 : -1.0128098e+01 -1.5897929e+01 
   167 :  2.7396221e+01  4.5505756e-01 
   168 :  2.7396221e+01 -4.5505756e-01 
   169 :  2.3516201e+01 -1.1264277e+01 
   170 :  2.4323347e+01 -1.1365270e+01 
   171 :  2.5136665e+01 -1.0904498e+01 
   172 :  2.5484951e+01 -1.0063662e+01 
   173 :  2.5235679e+01 -9.1627596e+00 
   174 :  2.4593546e+01 -8.6634404e+00 
   175 :  2.3923508e+01 -7.2571169e+00 
   176 :  2.5261895e+01 -6.4600543e+00 
   177 :  2.6073234e+01 -6.4016397e+00 
   178 :  2.6781033e+01 -5.7910513e+00 
   179 :  2.6958588e+01 -4.8984238e+00 
   180 :  2.6538348e+01 -4.0634630e+00 
   181 :  2.5811142e+01 -3.6990119e+00 
   182 :  2.4879618e+01 -2.4504285e+00 
   183 :  2.6036789e+01 -1.4075750e+00 
   184 :  2.6821142e+01 -1.1919983e+00 
   185 :  2.6821164e+01  1.1919903e+00 
   186 :  2.6036829e+01  1.4075675e+00 
   187 :  2.4879618e+01  2.4504285e+00 
   188 :  2.5811103e+01  3.6989967e+00 
   189 :  2.6538329e+01  4.0634509e+00 
   190 :  2.6958588e+01  4.8984238e+00 
   191 :  2.6781033e+01  5.7910513e+00 
   192 :  2.6073257e+01  6.4016359e+00 
   193 :  2.5261936e+01  6.4600549e+00 
   194 :  2.3923508e+01  7.2571169e+00 
   195 :  2.4593512e+01  8.6634180e+00 
   196 :  2.5235663e+01  9.1627440e+00 
   197 :  2.5484951e+01  1.0063662e+01 
   198 :  2.5136665e+01  1.0904498e+01 
   199 :  2.4323369e+01  1.1365270e+01 
   200 :  2.3516241e+01  1.1264286e+01 
   201 : -9.2412493e+00  1.6429297e+01 
   202 : -9.7688290e+00  1.6121181e+01 
   203 : -1.0286146e+01  1.5796129e+01 
   204 : -1.0792658e+01  1.5454483e+01 
   205 : -1.1287831e+01  1.5096601e+01 
   206 : -1.1771146e+01  1.4722860e+01 
   207 : -1.2242096e+01  1.4333652e+01 
   208 : -1.2700184e+01  1.3929387e+01 
   209 : -1.3144931e+01  1.3510488e+01 
   210 : -1.3575869e+01  1.3077396e+01 
   211 : -1.3992545e+01  1.2630566e+01 
   212 : -1.4394521e+01  1.2170467e+01 
   213 : -1.4781376e+01  1.1697582e+01 
   214 : -1.5152702e+01  1.1212410e+01 
   215 : -1.5508110e+01  1.0715458e+01 
   216 : -1.5847226e+01  1.0207249e+01 
   217 : -1.6169694e+01  9.6883171e+00 
   218 : -1.6475176e+01  9.1592075e+00 
   219 : -1.6763350e+01  8.6204758e+00 
   220 : -1.7033913e+01  8.0726882e+00 
   221 : -1.7286582e+01  7.5164199e+00 
   222 : -1.7521091e+01  6.9522555e+00 
   223 : -1.7737194e+01  6.3807875e+00 
   224 : -1.7934663e+01  5.8026164e+00 
   225 : -1.8113292e+01  5.2183494e+00 
   226 : -1.8272891e+01  4.6286004e+00 
   227 : -1.8413295e+01  4.0339889e+00 
   228 : -1.8534355e+01  3.4351397e+00 
   229 : -1.8635944e+01  2.8326817e+00 
   230 : -1.8717956e+01  2.2272479e+00 
   231 : -1.8780304e+01  1.6194743e+00 
   232 : -1.8822922e+01  1.0099994e+00 
   233 : -1.8845767e+01  3.9946349e-01 
   234 : -1.8848814e+01 -2.1149207e-01 
   235 : -8.1458394e+00  1.6441256e+01 
   236 : -7.5787931e+00  1.6180981e+01 
   237 : -7.0034436e+00  1.5939615e+01 
   238 : -6.4204212e+00  1.5717422e+01 
   239 : -5.8303648e+00  1.5514647e+01 
   240 : -5.2339207e+00  1.5331510e+01 
   241 : -4.6317424e+00  1.5168213e+01 
   242 : -4.0244897e+00  1.5024935e+01 
   243 : -3.4128278e+00  1.4901832e+01 
   244 : -2.7974269e+00  1.4799040e+01 
   245 : -2.1789612e+00  1.4716670e+01 
   246 : -1.5581083e+00  1.4654814e+01 
   247 : -9.3554830e-01  1.4613539e+01 
   248 : -3.1196336e-01  1.4592890e+01 
   249 :  3.1196336e-01  1.4592890e+01 
   250 :  9.3554830e-01  1.4613539e+01 
   251 :  1.5581083e+00  1.4654814e+01 
   252 :  2.1789612e+00  1.4716670e+01 
   253 :  2.7974269e+00  1.4799040e+01 
   254 :  3.4128278e+00  1.4901832e+01 
   255 :  4.0244897e+00  1.5024935e+01 
   256 :  4.6317424e+00  1.5168213e+01 
   257 :  5.2339207e+00  1.5331510e+01 
   258 :  5.8303648e+00  1.5514647e+01 
   259 :  6.4204212e+00  1.5717422e+01 
   260 :  7.0034436e+00  1.5939615e+01 
   261 :  7.5787931e+00  1.6180981e+01 
   262 :  8.1458394e+00  1.6441256e+01 
   263 :  1.8839703e+01  6.2298230e-01 
   264 :  1.8808822e+01  1.2452839e+00 
   265 :  1.8757391e+01  1.8662250e+00 
   266 :  1.8685466e+01  2.4851272e+00 
   267 :  1.8593126e+01  3.1013141e+00 
   268 :  1.8480473e+01  3.7141127e+00 
   269 :  1.8347628e+01  4.3228534e+00 
   270 :  1.8194737e+01  4.9268710e+00 
   271 :  1.8021967e+01  5.5255058e+00 
   272 :  1.7829507e+01  6.1181035e+00 
   273 :  1.7617567e+01  6.7040169e+00 
   274 :  1.7386378e+01  7.2826056e+00 
   275 :  1.7136194e+01  7.8532377e+00 
   276 :  1.6867288e+01  8.4152895e+00 
   277 :  1.6579953e+01  8.9681471e+00 
   278 :  1.6274503e+01  9.5112065e+00 
   279 :  1.5951272e+01  1.0043874e+01 
   280 :  1.5610614e+01  1.0565568e+01 
   281 :  1.5252900e+01  1.1075719e+01 
   282 :  1.4878521e+01  1.1573768e+01 
   283 :  1.4487886e+01  1.2059173e+01 
   284 :  1.4081423e+01  1.2531402e+01 
   285 :  1.3659574e+01  1.2989940e+01 
   286 :  1.3222802e+01  1.3434285e+01 
   287 :  1.2771582e+01  1.3863953e+01 
   288 :  1.2306409e+01  1.4278473e+01 
   289 :  1.1827791e+01  1.4677393e+01 
   290 :  1.1336250e+01  1.5060277e+01 
   291 :  1.0832323e+01  1.5426707e+01 
   292 :  1.0316561e+01  1.5776282e+01 
   293 :  9.7895276e+00  1.6108620e+01 
   294 :  9.2517986e+00  1.6423359e+01 
   295 :  1.8845514e+01 -4.1121058e-01 
   296 :  1.8311465e+01 -1.1661239e+00 
   297 :  1.7802537e+01 -1.5270630e+00 
   298 :  1.7305833e+01 -1.9046473e+00 
   299 :  1.6821898e+01 -2.2984633e+00 
   300 :  1.6351261e+01 -2.7080794e+00 
   301 :  1.5894438e+01 -3.1330468e+00 
   302 :  1.5451929e+01 -3.5729000e+00 
   303 :  1.5024220e+01 -4.0271571e+00 
   304 :  1.4611779e+01 -4.4953204e+00 
   305 :  1.4215058e+01 -4.9768770e+00 
   306 :  1.3834491e+01 -5.4712993e+00 
   307 :  1.3470495e+01 -5.9780457e+00 
   308 :  1.3123470e+01 -6.4965609e+00 
   309 :  1.2793795e+01 -7.0262768e+00 
   310 :  1.2481832e+01 -7.5666132e+00 
   311 :  1.2187922e+01 -8.1169781e+00 
   312 :  1.1912387e+01 -8.6767684e+00 
   313 :  1.1655530e+01 -9.2453709e+00 
   314 :  1.1417631e+01 -9.8221626e+00 
   315 :  1.1198951e+01 -1.0406512e+01 
   316 :  1.0999730e+01 -1.0997778e+01 
   317 :  1.0820187e+01 -1.1595313e+01 
   318 :  1.0660517e+01 -1.2198463e+01 
   319 :  1.0520896e+01 -1.2806567e+01 
   320 :  1.0401476e+01 -1.3418959e+01 
   321 :  1.0302390e+01 -1.4034967e+01 
   322 :  1.0223744e+01 -1.4653918e+01 
   323 :  1.0165625e+01 -1.5275132e+01 
   324 : -9.6075643e+00 -1.6217805e+01 
   325 : -9.0769379e+00 -1.6520645e+01 
   326 : -8.5367760e+00 -1.6806129e+01 
   327 : -7.9876459e+00 -1.7073957e+01 
   328 : -7.4301246e+00 -1.7323849e+01 
   329 : -6.8647978e+00 -1.7555542e+01 
   330 : -6.2922593e+00 -1.7768792e+01 
   331 : -5.7131106e+00 -1.7963376e+01 
   332 : -5.1279601e+00 -1.8139088e+01 
   333 : -4.5374226e+00 -1.8295745e+01 
   334 : -3.9421184e+00 -1.8433182e+01 
   335 : -3.3426729e+00 -1.8551254e+01 
   336 : -2.7397158e+00 -1.8649838e+01 
   337 : -2.1338806e+00 -1.8728829e+01 
   338 : -1.5258036e+00 -1.8788146e+01 
   339 : -9.1612382e-01 -1.8827725e+01 
   340 : -3.0548158e-01 -1.8847525e+01 
   341 :  3.0548158e-01 -1.8847525e+01 
   342 :  9.1612382e-01 -1.8827725e+01 
   343 :  1.5258036e+00 -1.8788146e+01 
   344 :  2.1338806e+00 -1.8728829e+01 
   345 :  2.7397158e+00 -1.8649838e+01 
   346 :  3.3426729e+00 -1.8551254e+01 
   347 :  3.9421184e+00 -1.8433182e+01 
   348 :  4.5374226e+00 -1.8295745e+01 
   349 :  5.1279601e+00 -1.8139088e+01 
   350 :  5.7131106e+00 -1.7963376e+01 
   351 :  6.2922593e+00 -1.7768792e+01 
   352 :  6.8647978e+00 -1.7555542e+01 
   353 :  7.4301246e+00 -1.7323849e+01 
   354 :  7.9876459e+00 -1.7073957e+01 
   355 :  8.5367760e+00 -1.6806129e+01 
   356 :  9.0769379e+00 -1.6520645e+01 
   357 :  9.6075643e+00 -1.6217805e+01 
   358 : -1.0165625e+01 -1.5275132e+01 
   359 : -1.0223744e+01 -1.4653918e+01 
   360 : -1.0302390e+01 -1.4034967e+01 
   361 : -1.0401476e+01 -1.3418959e+01 
   362 : -1.0520896e+01 -1.2806567e+01 
   363 : -1.0660517e+01 -1.2198463e+01 
   364 : -1.0820187e+01 -1.1595313e+01 
   365 : -1.0999730e+01 -1.0997778e+01 
   366 : -1.1198951e+01 -1.0406512e+01 
   367 : -1.1417631e+01 -9.8221626e+00 
   368 : -1.1655530e+01 -9.2453709e+00 
   369 : -1.1912387e+01 -8.6767684e+00 
   370 : -1.2187922e+01 -8.1169781e+00 
   371 : -1.2481832e+01 -7.5666132e+00 
   372 : -1.2793795e+01 -7.0262768e+00 
   373 : -1.3123470e+01 -6.4965609e+00 
   374 : -1.3470495e+01 -5.9780457e+00 
   375 : -1.3834491e+01 -5.4712993e+00 
   376 : -1.4215058e+01 -4.9768770e+00 
   377 : -1.4611779e+01 -4.4953204e+00 
   378 : -1.5024220e+01 -4.0271571e+00 
   379 : -1.5451929e+01 -3.5729000e+00 
   380 : -1.5894438e+01 -3.1330468e+00 
   381 : -1.6351261e+01 -2.7080794e+00 
   382 : -1.6821898e+01 -2.2984633e+00 
   383 : -1.7305833e+01 -1.9046473e+00 
   384 : -1.7802537e+01 -1.5270630e+00 
   385 : -1.8311465e+01 -1.1661239e+00 
   386 :  1.5133454e+01 -4.7932302e+00 
   387 :  1.3593011e+01 -6.7843616e+00 
   388 :  1.6850424e+01 -2.9844310e+00 
   389 :  1.2707907e+01 -8.3865612e+00 
   390 :  1.1746483e+01 -1.0716798e+01 
   391 :  1.1015685e+01 -1.2940362e+01 
   392 :  1.8578264e+01 -1.5284027e+00 
   393 :  1.9256888e+01  2.3846740e-03 
   394 :  2.2851124e+01 -7.2733689e+00 
   395 : -1.5927410e-04  1.5097336e+01 
   396 :  2.5364358e+00  1.5432668e+01 
   397 : -1.9860806e+00  1.5184035e+01 
   398 : -4.5532467e+00  1.5757560e+01 
   399 :  4.9507516e+00  1.5916062e+01 
   400 : -1.2424101e+01 -9.1066488e+00 
   401 : -1.1505523e+01 -1.1485313e+01 
   402 : -1.3557208e+01 -6.8922063e+00 
   403 : -1.4941970e+01 -5.0710367e+00 
   404 : -1.6170075e+01 -3.5460977e+00 
   405 : -1.0909425e+01 -1.3772873e+01 
   406 : -1.0830493e+01 -1.5389836e+01 
   407 : -6.2179129e+00  1.6233309e+01 
   408 : -8.1147372e+00  1.7089806e+01 
   409 :  6.5185177e+00  1.6370143e+01 
   410 : -1.7743239e+01 -2.3763447e+00 
   411 :  1.0861072e+01 -1.4805295e+01 
   412 :  7.9925230e+00  1.6985686e+01 
   413 :  1.8078867e+01  6.8848844e+00 
   414 :  1.9066753e+01  3.6268797e+00 
   415 :  1.9300431e+01  1.7431062e+00 
   416 :  1.8621032e+01  5.4712443e+00 
   417 :  2.1070058e+01 -1.0734574e+01 
   418 :  1.7487034e+01  8.7160161e+00 
   419 :  2.4194820e+01 -1.9077785e+00 
   420 :  2.3978579e+01  3.1354617e+00 
   421 :  2.3008248e+01  7.5102751e+00 
   422 : -2.0212204e+01 -1.0823642e+01 
   423 :  1.6686540e+00  2.3445215e+01 
   424 : -2.4302757e+00  2.2974289e+01 
   425 : -2.6204104e-01 -1.9353088e+01 
   426 : -1.6251939e+01  1.0725423e+01 
   427 :  1.8086642e+01 -1.5085938e+01 
   428 : -1.8038441e+01  7.3269456e+00 
   429 : -3.6652141e+00 -1.9069869e+01 
   430 :  3.4121617e+00 -1.9049718e+01 
   431 : -1.3793763e+01  1.3718829e+01 
   432 : -1.9021087e+01  3.7473707e+00 
   433 :  7.2861571e+00 -1.8018444e+01 
   434 : -7.4770371e+00 -1.7971346e+01 
   435 : -1.0873679e+01  1.6067964e+01 
   436 : -1.9387013e+01  3.7823801e-01 
   437 : -1.8257786e+01 -1.4542841e+01 
   438 :  1.0999033e+01  1.6035877e+01 
   439 :  1.4055604e+01  1.3557104e+01 
   440 :  1.6405473e+01  1.0220715e+01 
   441 : -1.7146104e+01  9.0391352e+00 
   442 : -2.0278083e+00 -1.9367416e+01 
   443 :  1.8646219e+00 -1.9368583e+01 
   444 : -1.5017662e+01  1.2274868e+01 
   445 : -1.8568745e+01  5.5352519e+00 
   446 :  5.5265886e+00 -1.8623892e+01 
   447 : -5.8943840e+00 -1.8560084e+01 
   448 : -1.2474874e+01  1.4859298e+01 
   449 : -1.9279756e+01  1.9157661e+00 
   450 : -9.0372790e+00 -1.7498116e+01 
   451 : -1.0485690e+01 -1.6156699e+01 
   452 : -1.1625117e+01 -1.5972508e+01 
   453 :  9.0573756e+00 -1.7163579e+01 
   454 : -9.5199411e+00  1.7012441e+01 
   455 :  9.2796410e+00  1.6998577e+01 
   456 :  1.2556829e+01  1.4861214e+01 
   457 :  1.5394807e+01  1.1925656e+01 
   458 : -2.2327932e+01 -6.6474752e+00 
   459 :  1.0151160e+01 -1.6515903e+01 
   460 :  1.9112893e+01 -1.1034229e+00 
   461 :  1.9260598e+01 -1.7364359e+00 
   462 :  1.9795838e+01 -1.6318285e+00 
   463 :  1.9774630e+01 -2.0761946e+00 
   464 :  2.0336542e+01 -1.6830600e+00 
   465 :  2.0197009e+01 -2.3713381e+00 
   466 :  1.9604020e+01 -2.7720529e+00 
   467 :  2.0354723e+01 -2.9389242e+00 
   468 :  1.9958555e+01 -3.2690027e+00 
   469 :  2.0430230e+01 -3.8758222e+00 
   470 :  1.9792840e+01 -4.0898021e+00 
   471 :  2.0435135e+01 -4.7088842e+00 
   472 :  1.9538538e+01 -4.7822113e+00 
   473 :  2.1039425e+01 -4.0885931e+00 
   474 :  2.0869659e+01 -1.7185114e+00 
   475 :  2.0829393e+01 -1.2849789e+00 
   476 : -6.3336311e+00  2.2794486e+01 
   477 :  6.0517449e+00  2.2501920e+01 
   478 :  2.0508925e+01 -5.4665164e+00 
   479 :  1.9800683e+01 -5.7031361e+00 
   480 :  1.8700610e+01 -5.3503849e+00 
   481 :  1.9033596e+01 -6.1278637e+00 
   482 :  1.7971246e+01 -5.7996201e+00 
   483 :  1.8232516e+01 -6.5687953e+00 
   484 :  1.9376645e+01 -7.0946252e+00 
   485 :  1.8393248e+01 -7.4472607e+00 
   486 :  1.7458895e+01 -6.9493291e+00 
   487 :  1.7562678e+01 -7.8050868e+00 
   488 : -1.1065487e+01 -1.6697870e+01 
   489 : -1.2514457e+01 -1.6532734e+01 
   490 :  1.6717344e+01 -7.2629098e+00 
   491 :  1.6769945e+01 -8.1069309e+00 
   492 :  1.7653917e+01 -8.7121964e+00 
   493 :  1.6804446e+01 -9.0092310e+00 
   494 :  1.6021653e+01 -8.2861614e+00 
   495 :  1.5991802e+01 -9.1405978e+00 
   496 :  1.6837596e+01 -9.9996974e+00 
   497 :  1.5930277e+01 -1.0047651e+01 
   498 :  1.6040505e+01 -3.8695555e+00 
   499 :  1.3053935e+01 -7.4842567e+00 
   500 :  1.4336248e+01 -5.7752058e+00 
   501 :  2.1022923e+01  1.1059963e+01 
   502 :  1.2225452e+01 -9.5501090e+00 
   503 : -1.2987788e+01 -7.9367940e+00 
   504 : -1.4154632e+01 -6.0940194e+00 
   505 :  1.2114970e+00  1.5259451e+01 
   506 : -1.2219236e+00  1.5178608e+01 
   507 : -3.2866700e+00  1.5515183e+01 
   508 :  3.7746784e+00  1.5628974e+01 
   509 : -1.8799592e+01 -1.4831291e+00 
   510 : -1.1915057e+01 -1.0284714e+01 
   511 : -1.5633126e+01 -4.2814089e+00 
   512 :  1.1375351e+01 -1.2054644e+01 
   513 : -1.1144206e+01 -1.2605446e+01 
   514 :  1.4736027e+01 -1.8310193e+01 
   515 :  1.9415406e+01 -3.7174703e+00 
   516 : -1.2020671e+01 -1.5144278e+01 
   517 : -1.3209072e+01 -1.5527964e+01 
   518 : -1.3058186e+01 -1.4321455e+01 
   519 :  1.5123968e+01 -9.9525358e+00 
   520 :  1.4968516e+01 -1.0798638e+01 
   521 :  2.1407162e+01 -1.6294402e+00 
   522 :  2.1141085e+01 -1.0373663e+00 
   523 :  2.0574192e+01 -6.0497211e+00 
   524 :  2.1212668e+01 -5.4170965e+00 
   525 : -1.9188696e+01 -9.3680016e-01 
   526 : -1.9332491e+01 -1.8782991e+00 
   527 : -1.9801978e+01 -1.1708700e+00 
   528 : -1.9857641e+01 -2.4781585e+00 
   529 :  2.6359492e+01  5.3592529e+00 
   530 :  2.4753778e+01 -1.0209577e+01 
   531 :  2.6935728e+01  3.0524228e-01 
   532 :  2.6420874e+01 -5.1429222e+00 
   533 :  2.4211594e+01 -1.0382940e+00 
   534 :  1.9241292e+01 -8.1099918e+00 
   535 :  2.3860324e+01  3.9645735e+00 
   536 :  2.3210189e+01  2.9362445e+00 
   537 :  2.3285027e+01  2.1162369e+00 
   538 :  2.2470991e+01  2.7867843e+00 
   539 :  2.2374880e+01  3.5868120e+00 
   540 :  2.1667308e+01  3.4838086e+00 
   541 :  2.1554610e+01  4.2701114e+00 
   542 :  2.1757518e+01  2.7198301e+00 
   543 :  2.2258524e+01  4.3908918e+00 
   544 :  2.1428748e+01  5.0549773e+00 
   545 : -1.9137817e+01 -3.0105186e+00 
   546 : -2.0253222e+01 -3.3557308e+00 
   547 : -1.9397133e+01 -3.7406963e+00 
   548 :  1.6607379e+01 -6.5072785e+00 
   549 : -1.4431089e+01 -1.5062153e+01 
   550 : -1.4050606e+01 -1.4107685e+01 
   551 :  1.5809729e+01 -1.0954449e+01 
   552 :  1.4750668e+01 -1.1640450e+01 
   553 :  2.1421518e+01  9.9470618e+00 
   554 :  2.0030234e+01  9.9322630e+00 
   555 :  1.9823041e+01  1.0954069e+01 
   556 :  2.1121219e+01  8.8820742e+00 
   557 :  2.0677235e+01 -6.2715918e-01 
   558 :  2.0943580e+01 -7.2711047e-02 
   559 :  1.0580835e+01 -1.6016680e+01 
   560 :  1.0769191e+01 -1.7102334e+01 
   561 :  1.1499695e+01 -1.6181262e+01 
   562 :  1.1770138e+01 -1.7614222e+01 
   563 :  1.0329834e+01 -1.7852608e+01 
   564 : -1.1890998e+01 -1.7604676e+01 
   565 : -1.0717380e+01 -1.8074697e+01 
   566 :  2.0074424e+01  9.0085843e+00 
   567 :  2.0032681e+01  8.1718096e+00 
   568 :  1.7707053e+01 -2.2329441e+00 
   569 :  2.2815746e+01 -8.3043399e+00 
   570 :  1.5870177e+01 -6.7169767e+00 
   571 :  2.1717064e+01 -5.3649289e-01 
   572 : -1.1143513e+01  2.1021083e+01 
   573 : -2.3267728e+01  2.9166772e+00 
   574 : -1.4267077e+01  1.8234266e+01 
   575 :  6.4622506e+00 -2.2627777e+01 
   576 : -6.0757166e+00 -2.2637785e+01 
   577 : -2.2376684e+01  6.6720526e+00 
   578 : -1.8511471e+01  1.4338493e+01 
   579 : -2.0346438e+00 -2.2950754e+01 
   580 :  1.9864435e+00 -2.3423793e+01 
   581 : -2.0903884e+01  1.0663591e+01 
   582 :  1.3927722e+01 -1.1227528e+01 
   583 :  1.4376800e+01 -1.2451797e+01 
   584 :  1.3789828e+01 -1.3134720e+01 
   585 :  1.4471277e+01 -1.3922338e+01 
   586 :  2.2137658e+01  5.1843492e+00 
   587 :  2.1295759e+01  5.8095869e+00 
   588 :  2.0731836e+01  4.9962139e+00 
   589 :  2.0622373e+01  5.7727087e+00 
   590 :  1.7589126e+01  1.5407686e+01 
   591 :  1.4472729e+01  1.8574328e+01 
   592 :  1.0557963e+01  2.0949456e+01 
   593 :  1.3624813e+01 -1.4423826e+01 
   594 :  2.1069460e+01  2.7284272e+00 
   595 :  2.1510495e+01 -2.3231839e+00 
   596 : -2.0777240e+01 -1.5581872e+00 
   597 : -2.0839065e+01 -2.1574202e-01 
   598 :  2.5012133e+01 -4.1870224e+00 
   599 :  2.4201196e+01 -4.0612707e+00 
   600 :  2.2330867e+01 -7.8658766e+00 
   601 :  2.1172645e+01  6.3568438e+00 
   602 :  2.1821399e+01  4.1791391e-01 
   603 :  2.2588975e+01  3.8998036e-01 
   604 :  2.5809185e+01  6.6301015e-01 
   605 :  2.4792284e+01  5.6995999e+00 
   606 :  2.2979238e+01  1.0193817e+01 
   607 : -1.2865107e+01 -1.3435912e+01 
   608 : -1.3744826e+01 -1.2969334e+01 
   609 : -1.5109008e+01 -1.3885071e+01 
   610 : -1.4849889e+01 -1.2790578e+01 
   611 : -1.3898260e+01 -1.2140271e+01 
   612 : -1.4441886e+01 -1.1823508e+01 
   613 : -1.5929127e+01 -1.2425498e+01 
   614 : -1.5355735e+01 -1.1133276e+01 
   615 : -1.4345170e+01 -1.0430011e+01 
   616 : -1.5638030e+01 -9.9803667e+00 
   617 : -1.6371467e+01 -1.0236695e+01 
   618 : -1.5916720e+01 -9.0579433e+00 
   619 : -1.7091185e+01 -9.5806706e+00 
   620 : -1.7169513e+01 -8.2117670e+00 
   621 : -1.8337388e+01 -8.2228616e+00 
   622 : -1.8153244e+01 -7.3442489e+00 
   623 : -1.7251536e+01 -6.8773067e+00 
   624 : -1.8104398e+01 -6.0670787e+00 
   625 : -1.4992837e+01 -8.7683447e+00 
   626 : -1.8758685e+01 -6.8229451e+00 
   627 : -1.7526540e+01 -1.0785702e+01 
   628 : -1.6774609e+01 -5.7046654e+00 
   629 : -1.7633630e+01 -5.2525458e+00 
   630 : -1.6061101e+01 -7.0165365e+00 
   631 :  2.1868395e+01 -8.5985678e+00 
   632 :  2.2024914e+01 -1.4773831e+00 
   633 :  2.2167783e+01 -2.2988918e+00 
   634 : -2.0524468e+01 -4.4294480e+00 
   635 :  2.3434335e+01 -9.0491093e+00 
   636 : -1.4103016e+01 -1.6565163e+01 
   637 : -1.5160437e+01 -1.5915488e+01 
   638 : -2.1657873e+01 -4.1214884e+00 
   639 :  2.1130023e+01  2.0112650e+00 
   640 :  1.3580362e+01 -1.1899668e+01 
   641 :  1.1155076e+01 -1.8278083e+01 
   642 :  1.0503945e+01 -1.8917607e+01 
   643 :  1.5999757e+01 -6.1317461e+00 
   644 :  1.6407055e+01 -5.9096568e+00 
   645 :  2.4987864e+01  6.4447068e-01 
   646 :  1.8252987e+01 -4.7292932e+00 
   647 :  1.3209438e+01 -1.0818814e+01 
   648 :  1.4057250e+01 -1.5258970e+01 
   649 :  2.4043823e+01  5.5684676e+00 
   650 :  1.2476885e+01 -1.6881042e+01 
   651 :  1.9175640e+01  8.2305970e+00 
   652 :  1.9980220e+01  7.4003530e+00 
   653 :  1.9099651e+01  9.0015337e+00 
   654 : -1.1975652e+01 -1.8714492e+01 
   655 : -1.0974743e+01 -1.9344810e+01 
   656 :  2.5564888e+01 -5.6601485e+00 
   657 :  2.6364740e+01 -5.4748589e-01 
   658 :  2.3998019e+01 -1.0488513e+01 
   659 :  2.4552636e+01  9.3972095e+00 
   660 :  2.6072495e+01  4.4799174e+00 
   661 :  1.3103921e+01 -1.3659249e+01 
   662 :  1.2928194e+01 -1.4907372e+01 
   663 :  2.3013192e+01  8.3562210e+00 
   664 : -2.2116039e+01 -1.0199062e+00 
   665 :  2.2573301e+01  1.2107783e+00 
   666 :  2.1901348e+01  7.7713085e+00 
   667 :  2.0039856e+01  4.9571640e+00 
   668 :  2.2268044e+01 -6.6294134e+00 
   669 :  1.5515807e+01 -1.3065702e+01 
   670 : -2.1822676e+01  2.2779277e-01 
   671 :  2.2633969e+01 -4.6358967e-01 
   672 :  1.5318161e+01 -6.3808594e+00 
   673 :  1.5401865e+01 -7.1056782e+00 
   674 :  1.9779682e+01  5.8353343e+00 
   675 :  2.0470621e+01  2.1198357e+00 
   676 :  2.0406858e+01  2.8001840e+00 
   677 :  2.0006662e+01 -7.4252056e+00 
   678 :  2.0341782e+01 -1.2203992e+01 
   679 :  1.9575982e+01 -1.1210702e+01 
   680 :  1.8834942e+01 -1.2943398e+01 
   681 :  2.0043695e+01 -1.0326126e+01 
   682 : -1.3026186e+01  1.9545630e+01 
   683 : -1.3047473e+01  1.7586866e+01 
   684 : -1.4130488e+01  1.6677944e+01 
   685 : -1.7373584e+01  1.5716063e+01 
   686 : -1.6533451e+01  1.4158464e+01 
   687 : -1.7504897e+01  1.3430554e+01 
   688 : -2.0192295e+01  1.1955203e+01 
   689 : -1.8969399e+01  1.1426710e+01 
   690 : -1.9599347e+01  1.0279998e+01 
   691 : -2.2034533e+01  8.0305636e+00 
   692 : -2.0951626e+01  6.8330958e+00 
   693 : -2.1090382e+01  5.6671044e+00 
   694 : -2.3155847e+01  3.9370342e+00 
   695 : -2.1889233e+01  2.8384060e+00 
   696 :  4.9735027e+00 -2.2989481e+01 
   697 :  4.8585880e+00 -2.1688744e+01 
   698 :  6.1852638e+00 -2.1313817e+01 
   699 : -4.6478392e+00 -2.3081699e+01 
   700 : -5.6807302e+00 -2.1353304e+01 
   701 : -6.8011353e+00 -2.0785329e+01 
   702 :  5.4608297e-01 -2.3452557e+01 
   703 :  9.9527601e-01 -2.2112423e+01 
   704 :  2.2379234e+00 -2.2099892e+01 
   705 :  2.0490549e+01  1.4522117e+00 
   706 :  1.1904411e+01  2.0265169e+01 
   707 :  1.1237442e+01  1.9105906e+01 
   708 :  1.0066684e+01  1.9690738e+01 
   709 :  7.6361237e+00  2.1683513e+01 
   710 :  6.6345492e+00  2.0529152e+01 
   711 :  5.5354915e+00  2.1124152e+01 
   712 :  6.1053906e+00  1.9774001e+01 
   713 :  5.0228235e+00  1.9767880e+01 
   714 :  5.3782054e+00  1.8626370e+01 
   715 :  4.2035947e+00  1.9111125e+01 
   716 :  4.2657912e+00  1.8199631e+01 
   717 :  3.2112477e+00  1.8416287e+01 
   718 :  3.4116262e+00  1.9296587e+01 
   719 :  2.4778290e+00  1.8490842e+01 
   720 :  2.0859163e+00  1.9315955e+01 
   721 :  1.1641680e+00  1.8417837e+01 
   722 :  7.9096077e-01  1.9839134e+01 
   723 :  1.8855958e-01  1.8887123e+01 
   724 :  6.2780257e-01  1.7642205e+01 
   725 : -3.5275402e-01  1.8010359e+01 
   726 : -8.6869859e-01  1.9309062e+01 
   727 : -1.4261043e+00  1.8404718e+01 
   728 : -1.8409201e+00  1.9787381e+01 
   729 : -2.6850923e+00  1.8883185e+01 
   730 : -3.1467448e+00  1.9660112e+01 
   731 : -3.9523317e+00  1.8815477e+01 
   732 : -3.8998802e+00  1.9751477e+01 
   733 : -5.0154716e+00  1.8892244e+01 
   734 :  7.4556407e+00  1.9778979e+01 
   735 :  3.0801813e+00  1.7592285e+01 
   736 : -1.8245436e+00  1.7517454e+01 
   737 : -2.8762608e+00  1.7758901e+01 
   738 : -1.1878921e+00  2.0650068e+01 
   739 :  5.6906018e+00  1.7753541e+01 
   740 : -4.9376174e+00  1.9940739e+01 
   741 : -6.1009868e+00  1.9008678e+01 
   742 : -4.6418954e+00  2.0992369e+01 
   743 : -6.0341357e+00  1.7831557e+01 
   744 : -7.1301098e+00  1.8186200e+01 
   745 : -7.1616981e+00  1.9124734e+01 
   746 :  4.2292002e+00  2.1557365e+01 
   747 :  1.6672136e+01  1.6577424e+01 
   748 :  1.6569671e+01  1.4634279e+01 
   749 :  1.7129467e+01  1.3534106e+01 
   750 :  2.0143583e+01 -3.3889633e-01 
   751 :  2.0332678e+01  2.0750533e-01 
   752 : -7.8646566e+00  2.2217754e+01 
   753 :  4.8424740e+00  1.7312202e+01 
   754 :  2.3478468e+01  5.9538005e+00 
   755 : -1.2142658e+01  1.8579946e+01 
   756 : -4.1807992e+00 -2.1605257e+01 
   757 : -1.9543641e-01 -2.1979023e+01 
   758 : -4.3984677e+00 -2.0402755e+01 
   759 : -3.2449648e+00 -2.0901422e+01 
   760 : -5.4158229e+00 -2.0305803e+01 
   761 : -6.9424525e+00 -1.9660391e+01 
   762 :  2.4009012e+01 -3.0202912e+00 
   763 :  2.3373313e+01 -4.0700674e+00 
   764 :  2.3636481e+01 -4.9407651e+00 
   765 :  2.2874399e+01 -5.0649876e+00 
   766 :  1.5806468e+01  1.5643953e+01 
   767 :  1.2539594e+01  1.8315191e+01 
   768 :  2.1094901e-01 -2.0911906e+01 
   769 : -1.2937322e+00 -2.1659890e+01 
   770 :  1.2176943e+00 -2.1023332e+01 
   771 :  2.2935523e+00 -2.0982271e+01 
   772 :  1.1340867e+01  1.7500883e+01 
   773 :  1.2481807e+01  1.7020802e+01 
   774 :  1.0601526e+01  1.8155397e+01 
   775 :  9.6347699e+00  1.8609382e+01 
   776 : -1.2193119e+01  1.7024436e+01 
   777 : -1.1217765e+01  1.7684642e+01 
   778 : -1.2876541e+01  1.6404737e+01 
   779 : -1.3576263e+01  1.5644923e+01 
   780 :  1.6543101e+01 -1.6054425e+01 
   781 :  2.3097393e+01 -5.6563692e+00 
   782 :  1.5086285e+01  1.4856053e+01 
   783 :  1.4299319e+01  1.5599278e+01 
   784 :  1.5737273e+01  1.4064041e+01 
   785 :  1.6619251e+01  1.2625172e+01 
   786 :  1.8748384e+01 -1.9588137e+00 
   787 : -2.1633456e+01 -9.3604658e+00 
   788 :  1.8409188e+01  8.1869773e+00 
   789 :  2.5256040e+00  2.0637040e+01 
   790 : -1.6520857e+01 -4.8139511e+00 
   791 : -1.7284947e+01 -4.4402585e+00 
   792 : -1.8521858e+01 -4.6875356e+00 
   793 : -1.7954229e+01 -3.9630118e+00 
   794 : -1.9168926e+01 -1.3340118e+01 
   795 : -6.2174036e-01  2.3447178e+01 
   796 : -1.6058725e+01  1.3131459e+01 
   797 : -1.6788019e+01  1.2583920e+01 
   798 : -1.5523038e+01  1.4487087e+01 
   799 : -1.8360209e+01  9.8151044e+00 
   800 : -1.9095620e+01  8.8095301e+00 
   801 : -1.9849110e+01  5.8099234e+00 
   802 : -2.0147695e+01  4.7199715e+00 
   803 :  5.7523130e+00 -2.0249332e+01 
   804 :  6.8753596e+00 -1.9626295e+01 
   805 :  7.5008065e+00 -2.0803037e+01 
   806 :  4.6142646e+00 -2.0600619e+01 
   807 :  8.0943541e+00 -1.9299044e+01 
   808 :  1.2294521e+01 -1.4096939e+01 
   809 : -1.9806320e+01  6.8833272e+00 
   810 : -1.7965462e+01  1.0944494e+01 
   811 :  2.2564202e+01 -4.2422981e+00 
   812 :  1.6078017e+01 -5.4675798e+00 
   813 :  1.6583783e+01 -5.0679739e+00 
   814 :  2.0786188e+01  7.2059195e+00 
   815 : -2.0687200e+01  7.4027914e-01 
   816 : -2.1463071e+01  1.2355175e+00 
   817 :  2.4616621e+01 -9.4106814e+00 
   818 :  1.9198489e+01 -9.8454566e+00 
   819 :  1.9389920e+01  4.9050882e+00 
   820 : -3.7536114e+00  2.3264519e+01 
   821 : -1.7833893e+01 -1.2739081e+01 
   822 :  2.1711902e+01 -7.2244884e+00 
   823 :  9.7279463e+00 -1.8383672e+01 
   824 :  9.6918343e+00 -1.9539885e+01 
   825 : -9.7828468e+00 -1.8310715e+01 
   826 : -9.7313124e+00 -1.9318079e+01 
   827 : -8.9441611e+00 -1.8347367e+01 
   828 : -8.7600179e+00 -1.9275049e+01 
   829 :  2.4961775e+01 -8.7806868e-01 
   830 :  1.9961181e+01 -8.0829063e+00 
   831 : -7.7777662e+00 -2.1839502e+01 
   832 :  1.8304755e+01  1.3792211e+01 
   833 :  1.7686108e+01  1.2543129e+01 
   834 : -2.0392205e+01  1.5024177e+00 
   835 :  2.4670686e+01  4.1784616e+00 
   836 :  2.2913187e+01 -2.2258408e+00 
   837 :  2.2465920e+01  6.8336085e+00 
   838 :  1.9843156e+01  2.2458668e+00 
   839 :  1.5005353e+01 -6.9171342e+00 
   840 :  1.4779405e+01 -7.5323545e+00 
   841 :  1.3261081e+01 -1.9152217e+01 
   842 : -7.7720465e+00  1.8299169e+01 
   843 : -8.0801526e+00  1.8988075e+01 
   844 : -8.8806875e+00  1.8264145e+01 
   845 : -9.6353336e+00  1.9441614e+01 
   846 : -9.5415546e+00 -2.0415023e+01 
   847 :  2.3368957e+01  4.7754832e-01 
   848 : -2.2957332e+01 -5.1863762e+00 
   849 :  1.2210995e+01 -1.3325892e+01 
   850 : -7.1748662e+00  2.0282633e+01 
   851 :  2.2975148e+01  4.5480492e+00 
   852 : -2.3345524e+01 -4.9803297e-01 
   853 :  1.0543401e+01 -2.0254017e+01 
   854 : -3.0755862e+00  2.1703661e+01 
   855 : -1.5439815e+01  1.5948249e+01 
   856 : -2.1082317e+01  4.5223219e+00 
   857 : -2.0123510e+01  3.8534560e+00 
   858 : -7.8924562e+00 -1.9103995e+01 
   859 : -2.0662997e+01  7.9670530e+00 
   860 : -2.2462187e+01 -2.3792649e+00 
   861 :  3.5190651e+00 -2.1963757e+01 
   862 : -1.3266195e+01 -1.7833843e+01 
   863 : -1.3094982e+01 -1.9270773e+01 
   864 : -4.9043487e+00  1.7916022e+01 
   865 : -5.3986389e+00  1.6972052e+01 
   866 : -4.6990995e+00  1.7068816e+01 
   867 :  2.1537204e+01 -2.8676160e+00 
   868 :  2.1145612e+01  1.3051007e+00 
   869 :  1.2626048e+01 -1.2995615e+01 
   870 :  6.5243539e+00  1.8913649e+01 
   871 :  6.3770831e+00  1.7499962e+01 
   872 :  7.3658867e+00  1.8277562e+01 
   873 : -1.5169504e+01  1.3381545e+01 
   874 :  1.0768055e+01  1.6926182e+01 
   875 :  5.8650872e+00  1.6861237e+01 
   876 : -1.6632143e+01 -1.3748913e+01 
   877 : -1.7287216e+01 -1.5725055e+01 
   878 :  1.7599358e+01 -5.1752054e+00 
   879 :  1.7751354e+01 -4.2052466e+00 
   880 :  2.3274444e+01  9.1298445e+00 
   881 : -2.1117507e+00  1.6702552e+01 
   882 : -3.0206674e+00  1.6901016e+01 
   883 : -1.1979098e+00  1.6444144e+01 
   884 : -7.8962579e-01  1.7187206e+01 
   885 :  3.1573014e-01  1.6717491e+01 
   886 :  1.2993352e+00  1.7372778e+01 
   887 :  1.3750797e+00  1.6773465e+01 
   888 : -3.8500044e-01  1.6110411e+01 
   889 :  8.3414223e-01  1.5894300e+01 
   890 : -1.5704062e+01 -5.9843005e+00 
   891 : -1.5151270e+01 -6.4588410e+00 
   892 : -1.5195136e+01 -7.0589840e+00 
   893 : -1.4383644e+01 -6.9607545e+00 
   894 : -1.4379223e+01 -7.7837960e+00 
   895 :  1.8343503e+01 -3.7478933e+00 
   896 :  1.7924728e+01 -3.3255255e+00 
   897 :  1.8319463e+01 -3.0328134e+00 
   898 :  1.7203406e+01 -3.6531761e+00 
   899 : -1.7430476e+01  9.8297995e+00 
   900 :  3.7560886e+00  1.7486110e+01 
   901 :  3.0246517e+00  1.6810334e+01 
   902 :  4.0481810e+00  1.6649904e+01 
   903 :  1.2909833e+01 -1.1432106e+01 
   904 :  8.0463198e+00  2.0448785e+01 
   905 :  1.1726104e+01 -1.4966166e+01 
   906 :  2.4125211e+01  1.4166825e+00 
   907 : -4.4353601e+00 -1.9588971e+01 
   908 : -1.8500757e+01 -1.1791029e+01 
   909 :  1.2329729e+01 -1.5515495e+01 
   910 :  1.3096821e+01 -1.6061243e+01 
   911 : -2.0073037e+01 -9.4170693e+00 
   912 : -2.1266296e+01 -8.0105762e+00 
   913 :  1.2181896e+01 -1.2444244e+01 
   914 : -1.9003726e+01  6.1608016e+00 
   915 :  1.9222765e+01  7.5047489e+00 
   916 :  1.9210915e+01  6.8351104e+00 
   917 :  5.2817631e+00 -1.9467953e+01 
   918 :  3.9022926e-01 -2.0090189e+01 
   919 :  1.2572455e+01 -1.0460262e+01 
   920 :  1.3474385e+01 -1.0172753e+01 
   921 : -1.4880010e+01 -1.7841429e+01 
   922 :  1.8238250e+01  8.9066579e+00 
   923 :  2.1457288e+01  1.4475411e+01 
   924 :  1.4616991e+01  2.1557898e+01 
   925 :  1.8316742e+01  1.8518983e+01 
   926 : -1.0317249e+01  2.3669391e+01 
   927 :  1.0319072e+01  2.4177777e+01 
   928 : -1.4356683e+01  2.1749226e+01 
   929 : -2.5694957e+01  5.4002625e+00 
   930 :  5.2513649e+00 -2.5480275e+01 
   931 : -2.5478355e+01 -5.1896329e+00 
   932 : -5.3995372e+00 -2.5737526e+01 
   933 : -2.1711449e+01  1.4349176e+01 
   934 :  1.4379687e+01 -2.2022108e+01 
   935 : -2.1746930e+01 -1.4352863e+01 
   936 : -1.4281735e+01 -2.1916898e+01 
   937 :  2.1657615e+01 -1.3857618e+01 
   938 :  1.0365748e+01 -2.3584694e+01 
   939 : -2.4178013e+01  1.0320470e+01 
   940 : -1.4582321e-01 -2.6062638e+01 
   941 : -2.3676949e+01 -1.0271652e+01 
   942 : -1.0327018e+01 -2.4249892e+01 
   943 :  1.8394573e+01 -1.8767379e+01 
   944 : -1.8579736e+01  1.7920505e+01 
   945 : -2.6213807e+01  1.4737695e-01 
   946 : -1.8272091e+01 -1.8526067e+01 
   947 : -5.2665740e+00  2.5503244e+01 
   948 :  5.4096166e+00  2.5730357e+01 
   949 :  2.8690200e-01  2.6291898e+01 
   950 :  1.9817439e+01 -9.2871555e-01 
   951 :  2.1820087e+01 -4.4896083e+00 
   952 :  1.9774405e+01  2.8940618e+00 
   953 :  2.0314523e+01  3.4930459e+00 
   954 :  2.3120196e+01 -3.1495124e+00 
   955 : -6.5317133e+00  1.7097489e+01 
   956 :  2.1503104e+01 -9.5699045e+00 
   957 :  8.2575216e+00 -2.2241883e+01 
   958 :  1.9298612e+01  5.3873847e-01 
   959 :  1.9316526e+01  1.1294893e+00 
   960 : -1.9525070e+01 -4.6613599e+00 
   961 : -2.0795427e+01 -5.5907352e+00 
   962 :  1.8211400e+01 -1.1216844e+01 
   963 : -1.6093439e+01 -8.0547904e+00 
   964 : -1.2176961e+01 -1.4287705e+01 
   965 : -1.2132692e+01 -1.3505601e+01 
   966 : -1.2687469e+01 -1.2986292e+01 
   967 : -1.2648459e+01 -1.1801962e+01 
   968 : -1.2366322e+01  1.5838822e+01 
   969 :  1.9551677e+01  4.2262780e+00 
   970 :  1.5663298e+01 -5.9014116e+00 
   971 :  1.7614266e+01 -2.9405653e+00 
   972 : -7.2600150e+00  1.7454006e+01 
   973 :  2.6441243e+01  6.8183491e-01 
   974 :  2.5817820e+01 -1.5662860e-01 
   975 :  2.0864567e+01  4.2243806e+00 
   976 :  2.5544121e+01  5.7250970e+00 
   977 :  2.5375046e+01  4.9935012e+00 
   978 :  1.6103502e+01 -4.6708412e+00 
   979 : -1.5017499e+00  1.5687783e+01 
   980 :  1.9168027e+01  5.5275912e+00 
   981 :  3.1271882e+00  2.3256778e+01 
   982 : -1.0774669e+00  2.2274966e+01 
   983 :  3.0854433e-01  2.2255771e+01 
   984 :  2.3489803e+01 -1.2057453e+00 
   985 :  1.3889036e+01  1.4767258e+01 
   986 :  1.3299959e+01  1.5227171e+01 
   987 :  1.3238855e+01  1.6240920e+01 
   988 :  1.7474465e+01 -1.3711982e+01 
   989 : -1.1030617e+01  1.6733359e+01 
   990 : -1.0406160e+01  1.7486746e+01 
   991 : -1.1289812e+01 -1.4749100e+01 
   992 :  2.5771952e+01 -4.3845096e+00 
   993 :  1.5380125e+01 -7.6009888e+00 
   994 :  1.4647408e+01 -8.2405981e+00 
   995 :  1.3997354e+01 -8.1136178e+00 
   996 :  1.3868792e+01 -8.8127084e+00 
   997 :  1.4530034e+01 -8.9894313e+00 
   998 :  1.7261101e+01 -6.2008128e+00 
   999 :  1.4188253e+01 -1.0493106e+01 
  1000 : -1.4727161e+01 -9.6212420e+00 
  1001 : -1.3607570e+01 -9.9464517e+00 
  1002 : -1.3939662e+01 -9.2460093e+00 
  1003 : -1.3891823e+01 -1.1130573e+01 
  1004 : -1.3272762e+01 -1.0607945e+01 
  1005 : -1.6000202e+01  1.7638667e+01 
  1006 : -2.1534786e+01  9.3433620e+00 
  1007 : -1.9420366e+01  1.3155755e+01 
  1008 : -1.6347935e+01 -4.0954716e+00 
  1009 : -1.0396570e+01 -1.7217014e+01 
  1010 :  2.2536689e+01  2.0098542e+00 
  1011 :  2.5230429e+01 -4.9419858e+00 
  1012 :  1.7739134e+01  8.0495992e+00 
  1013 :  1.8027056e+01  9.6957500e+00 
  1014 :  1.7779691e+01  1.0520945e+01 
  1015 :  1.7005671e+01  1.0348221e+01 
  1016 :  1.7446254e+01  1.1315146e+01 
  1017 :  1.8298183e+01  1.1748705e+01 
  1018 :  2.6142302e+01 -5.5960606e+00 
  1019 :  2.6870592e+01 -5.9278708e-01 
  1020 :  2.4602379e+01 -1.0819648e+01 
  1021 :  2.6535540e+01  4.6523125e+00 
  1022 :  2.5069215e+01  9.7162758e+00 
  1023 :  2.2460453e+01 -9.7618962e+00 
  1024 :  1.3693047e+01 -9.4958737e+00 
  1025 :  1.3059396e+01 -9.2346629e+00 
  1026 :  2.2136751e+01  8.6265581e+00 
  1027 :  1.5076788e+01  1.3533986e+01 
  1028 :  1.9858699e+01  9.8881752e-01 
  1029 : -7.6849218e-01 -2.0655941e+01 
  1030 : -1.5770510e+00 -2.0254269e+01 
  1031 : -2.3747477e+00 -2.1057728e+01 
  1032 :  1.3486364e+01 -1.7837347e+01 
  1033 : -1.9828967e+01  1.1377442e+00 
  1034 : -3.4310778e+00 -2.0277325e+01 
  1035 : -2.6036684e+00 -2.0081232e+01 
  1036 :  3.4666423e+00 -2.3277738e+01 
  1037 : -7.5044620e+00 -1.9987190e+01 
  1038 :  1.9480813e+01  1.2292842e+01 
  1039 :  2.4151301e+01  1.0542322e+01 
  1040 : -1.4209592e+01 -8.5178709e+00 
  1041 : -1.3766219e+01 -7.6369951e+00 
  1042 :  2.3318079e+01 -6.6384470e+00 
  1043 :  1.8540382e+01  5.9771947e+00 
  1044 :  1.8782812e+01  4.8914583e+00 
  1045 :  2.2084267e+01 -5.4494279e+00 
  1046 :  1.8191504e+01  6.5023838e+00 
  1047 : -1.5713134e+01 -5.0334858e+00 
  1048 :  1.7118747e+01  9.5087588e+00 
  1049 :  2.3335690e+01  1.3046348e+00 
  1050 :  2.1817305e+01  1.9785930e+00 
  1051 :  9.2155366e+00  2.1474235e+01 
  1052 :  1.9676961e+01 -1.2132446e-01 
  1053 : -1.9719450e+01 -7.8340422e+00 
  1054 : -1.1912020e+01 -1.2671910e+01 
  1055 :  2.0978970e+01  3.4768392e+00 
  1056 : -2.2421371e+01  5.3622472e+00 
  1057 :  1.9224222e+01 -4.8776646e-01 
  1058 :  9.5207326e+00 -2.1097799e+01 
  1059 :  2.4776441e+01 -5.7007504e+00 
  1060 :  2.4454349e+01 -4.9206496e+00 
  1061 : -1.2987532e+01 -9.5225782e+00 
  1062 :  2.2030226e+00  1.6831145e+01 
  1063 :  2.3378387e+00  1.6099730e+01 
  1064 :  1.1824737e+01  1.6532081e+01 
  1065 :  1.2468574e+01  1.5799593e+01 
  1066 : -3.5789020e+00 -1.9557214e+01 
  1067 :  1.9382900e+01 -2.2672029e+00 
  1068 : -4.3787850e-01 -1.9912099e+01 
  1069 :  2.2481214e+01  9.4432815e+00 
  1070 :  2.0640942e+01  6.4911071e+00 
  1071 :  1.4059128e+01 -7.3046599e+00 
  1072 : -1.0339883e+01  1.6942669e+01 
  1073 :  2.1980950e+01  5.9639322e+00 
  1074 :  1.8966534e+01  9.8441251e+00 
  1075 : -6.9810354e+00 -1.8883320e+01 
  1076 : -2.9822659e+00 -2.2392782e+01 
  1077 :  1.9213380e+01 -8.7405190e+00 
  1078 :  5.2280069e+00  1.6644948e+01 
  1079 :  1.3828620e+01  1.7414333e+01 
  1080 :  2.1858901e+01 -6.1664854e+00 
  1081 :  2.0934034e+01 -8.0290774e+00 
  1082 :  2.3103085e+01  3.7585490e+00 
  1083 :  1.5779358e+01  1.1368247e+01 
  1084 :  1.4988769e+01  1.2474712e+01 
  1085 :  1.2081124e+01  1.5274587e+01 
  1086 :  1.3042123e+01  1.4484780e+01 
  1087 :  9.9094269e+00  1.6718067e+01 
  1088 :  1.3552114e+01  1.4059825e+01 
  1089 :  1.4546038e+01  1.3023372e+01 
  1090 : -1.8533318e+01 -3.4719845e+00 
  1091 : -1.8734468e+01 -2.4307236e+00 
  1092 :  1.6165599e+01 -1.4405525e+01 
  1093 :  1.6128256e+01  1.0795013e+01 
  1094 :  1.6733039e+01  1.1029836e+01 
  1095 :  1.7028293e+01  1.2017067e+01 
  1096 :  8.5089090e+00 -1.7473681e+01 
  1097 : -8.4395238e+00 -1.7518166e+01 
  1098 : -8.1901948e+00 -1.8255995e+01 
  1099 : -9.6236847e+00 -1.6900002e+01 
  1100 : -1.9408061e+01  2.4994144e+00 
  1101 : -1.9982184e+01  2.0854913e+00 
  1102 : -1.9888368e+01  3.1548313e+00 
  1103 : -2.0454998e+01  2.7006976e+00 
  1104 : -1.9254949e+01  1.3883663e+00 
  1105 : -1.2009757e+01  1.5285303e+01 
  1106 : -1.2899303e+01  1.4472135e+01 
  1107 :  4.8784403e+00 -1.8845685e+01 
  1108 : -6.5277483e+00 -1.8255508e+01 
  1109 :  6.0899786e+00 -1.8408526e+01 
  1110 :  6.0533473e+00 -1.9135968e+01 
  1111 : -5.1971502e+00 -1.8770297e+01 
  1112 : -1.8736580e+01  4.9897357e+00 
  1113 : -1.9224485e+01  5.4583691e+00 
  1114 : -1.8432579e+01  6.0636126e+00 
  1115 : -1.5436253e+01  1.1775087e+01 
  1116 : -1.5733746e+01  1.2373973e+01 
  1117 : -1.4691224e+01  1.2756509e+01 
  1118 :  2.5078415e+00 -1.9234208e+01 
  1119 :  1.1253913e+00 -1.9437257e+01 
  1120 : -1.7431968e+01  8.5353421e+00 
  1121 : -1.7855459e+01  9.0305954e+00 
  1122 : -1.6901084e+01  9.5520279e+00 
  1123 : -1.8898791e+01  4.3691993e+00 
  1124 : -1.9527707e+01  3.9131109e+00 
  1125 : -1.9155098e+01  3.1531577e+00 
  1126 : -1.3331138e+01  1.4119833e+01 
  1127 : -1.4042413e+01  1.4391947e+01 
  1128 : -1.4269788e+01  1.3256788e+01 
  1129 : -1.7756155e+01  7.9523052e+00 
  1130 : -1.8690211e+01  7.6280278e+00 
  1131 : -1.8276351e+01  6.6655388e+00 
  1132 : -1.5855837e+01  1.1275645e+01 
  1133 : -1.6763221e+01  1.1256024e+01 
  1134 :  9.6160098e+00 -1.6848873e+01 
  1135 :  2.0441881e+01 -1.1413455e+00 
  1136 :  1.8858152e+01 -4.2261757e+00 
  1137 : -1.1471390e+01  1.5701432e+01 
  1138 :  4.1393358e+00 -1.9007455e+01 
  1139 :  4.3460419e+00 -1.9712445e+01 
  1140 :  3.1880846e+00 -1.9773770e+01 
  1141 :  3.9310794e-01 -1.9430306e+01 
  1142 : -5.8579331e+00  2.1484660e+01 
  1143 : -5.0102135e+00  2.2261122e+01 
  1144 : -1.6617761e+01  1.0129175e+01 
  1145 : -1.8680001e+01 -5.5651549e+00 
  1146 :  1.8937200e+01  4.2663934e+00 
  1147 :  7.9110253e+00 -1.7766726e+01 
  1148 :  8.4148211e+00 -1.8273354e+01 
  1149 :  6.6601250e+00 -1.8224283e+01 
  1150 :  1.1555957e+01  1.5689368e+01 
  1151 : -4.4689012e+00 -1.8919632e+01 
  1152 :  1.4885675e+01  1.6557727e+01 
  1153 :  1.5633467e+01  1.7616624e+01 
  1154 :  2.3701147e+01  4.7405272e+00 
  1155 :  2.8920170e+00 -1.8990736e+01 
  1156 :  1.9396863e+01 -1.4259362e+01 
  1157 :  1.5576312e+01 -4.3364869e+00 
  1158 :  1.4722384e+01 -5.2768261e+00 
  1159 :  1.6470560e+01 -3.4104221e+00 
  1160 : -8.3775217e-01 -2.3341726e+01 
  1161 :  1.5563624e+01  1.2895698e+01 
  1162 :  1.3318390e+01 -7.0913150e+00 
  1163 :  1.3965543e+01 -6.3030601e+00 
  1164 :  6.9017391e+00 -1.8763631e+01 
  1165 :  1.7823521e+01 -9.7074116e+00 
  1166 :  1.6008771e+01 -7.4880756e+00 
  1167 :  2.0178489e+01  1.3379647e+01 
  1168 : -2.3625512e+00  1.5988706e+01 
  1169 :  2.0896333e+01 -2.3476392e+00 
  1170 :  1.9171207e+01  2.9964245e+00 
  1171 :  1.4353689e+01 -1.6432064e+01 
  1172 : -1.2846837e+01  1.5296050e+01 
  1173 :  2.4185863e+01 -2.3493171e-01 
  1174 :  2.3418720e+01 -3.5676703e-01 
  1175 :  2.4012821e+01 -9.7919680e+00 
  1176 :  2.3282559e+01 -1.0361683e+01 
  1177 :  2.6573640e+01 -1.6119333e-01 
  1178 :  1.8489103e+01 -8.3483723e+00 
  1179 :  2.5975581e+01  4.9662628e+00 
  1180 : -1.6979422e+01 -3.7597745e+00 
  1181 : -1.7575642e+01 -3.3475058e+00 
  1182 :  2.3701761e+01  9.8669479e+00 
  1183 :  1.5299824e+01 -1.5774831e+01 
  1184 :  2.1129604e+01 -4.6562892e+00 
  1185 : -6.0926916e+00 -1.9233909e+01 
  1186 : -1.1945435e+01  2.0451280e+01 
  1187 : -3.6723914e+00 -2.3285445e+01 
  1188 :  1.3406978e+01 -8.0078714e+00 
  1189 :  2.4691365e+01  1.0250638e+01 
  1190 :  1.2474989e+01 -8.9625784e+00 
  1191 :  4.5691054e+00  2.2955579e+01 
  1192 :  2.8709428e+00  2.1890533e+01 
  1193 :  1.5445432e+00  2.2122957e+01 
  1194 :  1.2913873e+01 -7.8445986e+00 
  1195 :  1.3221162e+01  1.9463910e+01 
  1196 : -5.7927704e-01  1.5125666e+01 
  1197 : -7.8166529e-01  1.5693010e+01 
  1198 :  1.8734823e+00  1.5358161e+01 
  1199 :  3.0581129e+00  1.6123331e+01 
  1200 : -1.2712729e+01 -8.5140831e+00 
  1201 : -1.3266042e+01 -7.3792768e+00 
  1202 :  4.3635863e+00  1.5791529e+01 
  1203 :  3.1867485e+00  1.5511785e+01 
  1204 : -2.5983724e+00  1.5369475e+01 
  1205 : -2.3035622e+01  1.2030132e+00 
  1206 : -1.3885021e+01 -6.4360405e+00 
  1207 : -1.5036399e+01 -4.6369350e+00 
  1208 :  1.1540133e+01 -1.1314298e+01 
  1209 :  1.1010916e+01 -1.2421867e+01 
  1210 :  1.9250354e+01  2.3673896e+00 
  1211 : -1.1697462e+01 -1.0877587e+01 
  1212 : -1.2184873e+01 -1.1329229e+01 
  1213 :  1.2322290e+00 -2.0152167e+01 
  1214 :  1.1986786e+01 -1.0135608e+01 
  1215 :  6.0084946e-01  1.5158210e+01 
  1216 : -1.5748748e+00  1.5006705e+01 
  1217 :  1.8837189e+01 -2.4650805e+00 
  1218 : -3.9435967e+00  1.5642385e+01 
  1219 : -3.8945215e+00  1.6293619e+01 
  1220 : -5.1149232e+00  1.5869091e+01 
  1221 : -1.2166404e+01 -9.6947566e+00 
  1222 :  2.0108227e+01 -6.4181750e+00 
  1223 : -1.8275488e+01 -1.9519091e+00 
  1224 : -1.1324718e+01 -1.2067062e+01 
  1225 : -1.5757571e+01 -3.7813460e+00 
  1226 : -1.6678416e+01 -3.2005158e+00 
  1227 :  1.0952809e+01 -1.3575110e+01 
  1228 :  2.3637875e+01 -2.0578869e+00 
  1229 : -1.0787546e+01 -1.4422624e+01 
  1230 : -1.1015093e+01 -1.3156518e+01 
  1231 : -1.1242713e+01  1.9482321e+01 
  1232 :  1.4834038e+01 -6.0878460e+00 
  1233 : -2.0009333e+01 -3.2857437e-01 
  1234 : -5.6624173e+00  1.6009312e+01 
  1235 : -6.8037631e+00  1.6516614e+01 
  1236 :  7.0313337e+00  1.6563035e+01 
  1237 :  6.1062672e+00  1.6251450e+01 
  1238 : -1.0604035e+01 -1.4779190e+01 
  1239 :  2.1685596e+01  6.8196608e+00 
  1240 : -7.4399700e+00  1.6810247e+01 
  1241 :  1.5874163e+00  1.6038578e+01 
  1242 :  1.0896095e+01 -1.4192201e+01 
  1243 : -2.7536416e-01  2.0222951e+01 
  1244 :  9.6312852e+00 -1.7529594e+01 
  1245 :  1.0156529e+01  1.7378701e+01 
  1246 :  1.1422863e+01 -1.9492292e+01 
  1247 :  7.4194277e+00  1.6747889e+01 
  1248 :  7.7740865e+00  1.7606322e+01 
  1249 :  8.5464825e+00  1.7793118e+01 
  1250 : -2.1012176e+01  2.0553342e+00 
  1251 : -1.6545534e+01 -1.0995703e+01 
  1252 :  1.1308754e+01 -1.5500826e+01 
  1253 :  2.5083802e+01 -9.6961373e+00 
  1254 :  2.6193199e+01  5.8274329e+00 
  1255 :  2.4487616e+01  1.0940136e+01 
  1256 :  2.6912059e+01  6.1881815e-01 
  1257 :  2.6417134e+01 -4.6242706e+00 
  1258 :  2.0545086e+01 -9.2461668e+00 
  1259 : -1.8583557e+01 -9.4704678e+00 
  1260 : -1.5205676e+01 -1.4665242e+01 
  1261 :  1.0483049e+01  1.6366045e+01 
  1262 :  3.7658126e+00  2.0331652e+01 
  1263 : -1.0692080e+01 -2.1196302e+01 
  1264 : -9.4394255e+00 -2.1705343e+01 
  1265 : -2.6936798e+00  2.0292177e+01 
  1266 : -1.1980557e+01 -1.1949828e+01 
  1267 :  1.5668015e+01 -1.1846791e+01 
  1268 : -3.5931586e+00  2.0685286e+01 
  1269 : -1.4791719e+01 -5.6692305e+00 
  1270 : -6.9370642e+00 -1.7949644e+01 
  1271 :  2.2863787e+01  5.3151955e+00 
  1272 : -2.3828093e+01 -3.0082197e+00 
  1273 : -1.0472049e+01  1.8636455e+01 
  1274 : -1.7205754e+01 -2.8031392e+00 
  1275 : -1.7423119e+01 -1.7770856e+01 
  1276 :  5.5396864e+00  1.6075023e+01 
  1277 : -1.4439519e+01 -1.9011463e+01 
  1278 :  2.3814569e+01 -5.8683083e+00 
  1279 : -6.0228111e+00  2.0132450e+01 
  1280 : -3.8888342e+00  1.7030098e+01 
  1281 : -1.4453565e+01  1.5078956e+01 
  1282 :  2.0446980e+01  8.0914523e-01 
  1283 : -2.0137238e+01 -6.8256215e+00 
  1284 :  1.6566965e+01  9.7635303e+00 
  1285 : -2.4299294e+01 -1.8117837e-01 
  1286 : -1.3555058e+01 -8.2455478e+00 
  1287 : -1.1474365e+01 -1.4064420e+01 
  1288 :  9.3901533e+00  1.7704391e+01 
  1289 : -1.3296266e+01 -1.6979233e+01 
  1290 : -3.1447790e+00  1.6174073e+01 
  1291 :  1.7258980e+01 -2.6066730e+00 
  1292 :  2.0958487e+01  7.9968708e+00 
  1293 : -1.8939757e+01  6.8298016e+00 
  1294 : -2.1313355e+01 -2.8840577e+00 
  1295 : -2.3073522e+01 -3.9184587e+00 
  1296 : -2.2011961e+01 -5.3715789e+00 
  1297 :  1.9107749e+01  6.2655873e+00 
  1298 :  2.0953001e+01 -3.1253733e+00 
  1299 :  3.4208908e+00 -2.0840251e+01 
  1300 : -4.9438597e+00  1.6404361e+01 
  1301 : -5.2845458e+00 -1.9471952e+01 
  1302 :  1.5516054e+01 -1.7498396e+01 
  1303 : -1.9566270e+01 -5.9134553e+00 
  1304 :  2.1469252e+01 -3.7910509e+00 
  1305 :  1.6618004e+01 -4.2178764e+00 
  1306 :  1.3385421e+01 -1.5426325e+01 
  1307 :  1.7931581e+01  7.4358842e+00 
  1308 :  2.2753963e+01 -1.3361065e+00 
  1309 :  1.6740698e+01 -1.1028896e+01 
  1310 :  1.9873559e+01  1.6071522e+00 
  1311 :  1.5008426e+01 -1.4896283e+01 
  1312 : -2.1064187e+01 -6.7698591e+00 
  1313 :  1.5320434e+01 -8.3152055e+00 
  1314 :  8.3798312e+00  1.8901746e+01 
  1315 :  6.3571210e+00 -1.8783868e+01 
  1316 :  1.8723862e+01  1.0775009e+01 
  1317 :  1.8127722e+01 -1.8676476e+00 
  1318 :  1.2407812e+01 -1.8076479e+01 
  1319 : -5.9052705e+00  1.6675885e+01 
  1320 : -1.9364894e+01 -2.8342784e-01 
  1321 :  1.6378232e+01  1.1669010e+01 
  1322 : -6.9906821e+00  2.1253281e+01 
  1323 : -8.5456935e+00  2.0454563e+01 
  1324 : -1.7194110e+01  1.0530137e+01 
  1325 :  2.6468936e+01  4.9471171e+00 
  1326 : -7.9960705e+00 -1.7501836e+01 
  1327 :  1.0783541e+01 -1.5410919e+01 
  1328 :  1.2831111e+01 -9.8540102e+00 
  1329 : -1.0015726e+01 -1.6627347e+01 
  1330 :  1.8579196e+01  6.4297426e+00 
  1331 : -1.3949285e+01 -2.0548533e+01 
  1332 :  2.5016910e+01  1.0153845e+01 
  1333 : -1.1842763e+01 -2.0396119e+01 
  1334 : -2.2603424e+01 -8.0032928e+00 
  1335 :  1.8215263e+01 -2.5867485e+00 
  1336 : -1.9316932e+01  9.9014749e-01 
  1337 :  1.3262833e+01 -8.6104659e+00 
  1338 : -8.8090764e+00  1.7221063e+01 
  1339 :  9.0728278e+00 -1.7910290e+01 
  1340 : -1.6882657e+01 -1.2028936e+01 
  1341 :  1.8601527e+01  6.9269939e+00 
  1342 : -1.9892773e+01 -1.2121510e+01 
  1343 :  8.6319710e+00  1.7099360e+01 
  1344 :  2.8067000e-01  2.3532993e+01 
  1345 :  1.8686579e+01 -9.1851019e+00 
  1346 : -1.3291764e+01 -8.8831285e+00 
  1347 :  1.1527367e+01 -1.3777232e+01 
  1348 : -2.4163853e+01  4.7775790e+00 
  1349 : -2.2980749e+01  9.5300776e+00 
  1350 :  1.3900590e+01 -2.0763748e+01 
  1351 : -1.3812543e+01  2.0768467e+01 
  1352 : -4.8145133e+00 -2.4489798e+01 
  1353 : -4.2098335e-02 -2.4957523e+01 
  1354 : -1.4586857e+01  1.3927591e+01 
  1355 :  3.5874112e+00  1.6097506e+01 
  1356 :  2.1330971e+00 -2.0083673e+01 
  1357 :  1.4371094e+01  2.2002585e+01 
  1358 :  2.1929512e+01  1.4271135e+01 
  1359 :  1.8774627e+01  1.8344139e+01 
  1360 :  4.8648502e+00 -2.5816256e+01 
  1361 :  5.1131274e+00 -2.4387341e+01 
  1362 : -2.5764799e+01 -4.7897885e+00 
  1363 : -2.4295052e+01 -4.7863216e+00 
  1364 :  2.1143235e+01 -1.4717811e+01 
  1365 :  2.0683604e+01 -1.3829157e+01 
  1366 : -4.8721242e+00  2.5830021e+01 
  1367 : -9.3315961e+00  2.3909742e+01 
  1368 : -2.3970351e+01 -9.3338578e+00 
  1369 : -1.7804462e+01  1.8534333e+01 
  1370 : -1.7469595e+01  1.7520148e+01 
  1371 :  9.4966741e+00 -2.4054578e+01 
  1372 : -2.1639639e+01  1.4832325e+01 
  1373 : -2.0724332e+01  1.3833619e+01 
  1374 : -1.4595220e+01 -2.1526594e+01 
  1375 : -1.8760397e+01 -1.8366548e+01 
  1376 : -9.8068767e+00  2.1561774e+01 
  1377 : -9.4021070e+00  2.2882138e+01 
  1378 : -9.5947577e+00 -2.3398740e+01 
  1379 :  9.5183488e+00  2.2979326e+01 
  1380 :  2.2743212e+01 -6.0863704e+00 
  1381 :  1.8540023e+01  7.5146259e+00 
  1382 :  2.0509456e+01 -7.0663686e+00 
  1383 :  1.9912553e+01  6.6589760e+00 
  1384 : -1.8832610e+01 -3.9342085e+00 
  1385 :  2.4093177e+01 -9.1758865e+00 
  1386 :  1.5988947e+01  1.2279720e+01 
  1387 :  2.5544903e+01 -7.8261230e-01 
  1388 :  2.4515645e+01  5.0783919e+00 
  1389 :  8.9876790e+00 -1.8871857e+01 
  1390 : -1.3472028e+01  1.4863299e+01 
  1391 :  2.5470551e+01  4.3503385e+00 
  1392 :  6.5901019e+00  1.6914410e+01 
  1393 : -1.8697706e+01 -1.0709561e+01 
  1394 : -1.8332336e+01  8.3799556e+00 
  1395 : -1.9560682e+01  7.8274703e+00 
  1396 : -1.6274570e+01  1.1876699e+01 
  1397 : -1.7443015e+01  1.1827554e+01 
  1398 :  4.8005381e+00  2.4458666e+01 
  1399 : -1.9443952e+01  4.6227316e+00 
  1400 :  1.7778700e+01 -1.7449147e+01 
  1401 : -2.3033661e+01 -9.2951876e+00 
  1402 :  7.6588950e+00 -1.8592190e+01 
  1403 :  2.1095493e+01  5.9841935e-01 
  1404 : -1.2948812e+01 -1.1225915e+01 
  1405 : -1.9552904e+01  1.6375334e+00 
  1406 :  2.6932706e+01 -1.0811055e-01 
  1407 :  1.7223147e+01 -3.1672790e+00 
  1408 :  2.4884607e+01 -1.0499953e+01 
  1409 : -9.7021121e+00 -1.7450537e+01 
  1410 : -2.0757939e+01 -1.3809388e+01 
  1411 :  4.9345877e-02  2.4922558e+01 
  1412 :  2.6456261e+01 -5.5231831e+00 
  1413 : -2.6197035e+00 -1.9256299e+01 
  1414 :  1.5632148e+01 -5.1245133e+00 
  1415 :  9.9530763e+00 -1.7166288e+01 
  1416 : -1.3881770e+01 -7.1793933e+00 
  1417 :  1.4000998e+01  2.0640062e+01 
  1418 :  1.7606059e+01  1.7674979e+01 
  1419 :  2.4966119e+01 -1.4752846e-01 
  1420 :  9.6825862e+00 -2.2997015e+01 
  1421 :  1.1883154e+01 -1.2044457e+01 
  1422 :  1.1814287e-01  2.1177940e+01 
  1423 :  2.1177183e+01 -6.3804908e+00 
  1424 : -1.8148292e+01 -2.9080959e+00 
  1425 : -5.1478097e+00  2.4465043e+01 
  1426 : -1.3086833e+01  1.4879802e+01 
  1427 : -5.5387828e+00  1.6365364e+01 
  1428 : -1.2705439e+01 -1.0142211e+01 
  1429 :  2.3802672e+01  8.9189252e+00 
  1430 : -1.2434779e+01 -1.0745442e+01 
  1431 : -4.5461722e+00  1.6376729e+01 
  1432 : -1.6236705e+01 -1.6792075e+01 
  1433 : -1.9982396e+01  4.7952942e-01 
  1434 : -1.7069447e-01  1.5479961e+01 
  1435 : -1.3477953e+01 -1.1738718e+01 
  1436 : -1.5156967e+01 -7.9060505e+00 
  1437 : -8.4246680e+00 -2.0332616e+01 
  1438 : -1.0235680e+01  1.6366380e+01 
  1439 : -1.2451825e+00 -1.9499488e+01 
  1440 :  1.2574784e+01 -1.1988838e+01 
  1441 : -9.8729553e+00  1.7841945e+01 
  1442 :  7.1538044e+00  1.7290769e+01 
  1443 :  2.2153246e+01 -3.2598449e+00 
  1444 :  1.1505594e+01 -2.0950073e+01 
  1445 :  1.6893178e+01 -1.2502598e+01 
  1446 :  1.9549043e+01 -4.9832688e-01 
  1447 :  1.2544857e+00  2.0930664e+01 
  1448 :  2.2658693e+01 -8.9009439e+00 
  1449 :  2.3322873e+01  6.6913560e+00 
  1450 :  1.4478472e+01 -6.6383349e+00 
  1451 :  9.8373785e+00  2.4115372e+01 
  1452 : -2.4115740e+01  9.8402949e+00 
  1453 :  4.9413986e+00  2.5587675e+01 
  1454 : -2.6388074e+01 -2.9172377e-01 
  1455 : -2.5512981e+01  4.9262592e+00 
  1456 : -4.9342809e+00 -2.5594784e+01 
  1457 : -1.4847068e+01  2.1689083e+01 
  1458 : -9.8561198e+00 -2.4224592e+01 
  1459 :  2.9628169e-01 -2.6284493e+01 
  1460 : -2.1687309e+01 -1.4845651e+01 
  1461 :  1.4606209e+01 -2.1597829e+01 
  1462 :  1.8559024e+01 -1.8282367e+01 
  1463 : -1.2775782e-01  2.6056636e+01 
  1464 : -1.1529024e+01 -1.3393077e+01 
  1465 : -1.1513140e+01 -1.2902117e+01 
  1466 :  2.3300302e+01 -9.7866937e+00 
  1467 :  1.1162543e+01  1.6510013e+01 
  1468 : -1.5300130e+01  1.2656947e+01 
  1469 :  1.7143042e+01 -4.6543476e+00 
  1470 :  1.2316636e+01 -1.1051763e+01 
  1471 :  2.4645606e+01 -9.7611784e+00 
  1472 :  2.0738297e+01  1.1911750e+01 
  1473 :  2.0485617e+00  1.7761038e+01 
  1474 : -1.4651360e+01 -6.2123593e+00 
  1475 :  1.4383029e+01 -9.7386210e+00 
  1476 :  1.5212831e+01 -5.5932417e+00 
  1477 :  1.0422762e+01 -2.1887181e+01 
  1478 :  6.7542025e+00  1.7791464e+01 
  1479 :  2.4066822e+01  2.2802279e+00 
  1480 : -1.0460241e+01  2.0415198e+01 
  1481 : -4.1694850e+00  2.2055853e+01 
  1482 :  8.6937167e+00 -2.0194273e+01 
  1483 : -1.0391854e+01 -2.0361684e+01 
  1484 :  2.4391360e+01 -2.4132504e+00 
  1485 :  1.2065261e+01 -1.1615611e+01 
  1486 :  1.1688082e+01 -1.2950455e+01 
  1487 : -1.1748427e+01  1.6342382e+01 
  1488 :  1.9676998e+01  3.5577477e+00 
  1489 :  1.2074647e+01 -1.8709128e+01 
  1490 :  1.2546963e+01 -2.0098201e+01 
  1491 :  1.8958447e+01  5.9196632e+00 
  1492 :  1.1349205e+01 -1.4292456e+01 
  1493 : -1.7655088e+01 -1.1526294e+01 
  1494 : -1.6040833e+01 -1.5046517e+01 
  1495 : -7.9731299e+00  1.7781248e+01 
  1496 : -2.2101584e+01  1.7496079e+00 
  1497 : -2.0868207e+01  3.5042806e+00 
  1498 :  1.4524364e+01  1.4177435e+01 
  1499 :  1.3415982e+01 -7.4620550e+00 
  1500 :  2.1840419e+01  1.2253487e+00 
  1501 :  2.4164200e+01  5.7759059e-01 
  1502 : -2.0546059e+00  2.1207726e+01 
  1503 :  2.2848683e+01  6.1886958e+00 
  1504 :  8.8996408e+00  2.0164614e+01 
  1505 :  1.5240031e+01 -9.1030630e+00 
  1506 :  1.9728884e+01 -8.9521885e+00 
  1507 :  2.6463139e+01  1.6362572e-01 
  1508 :  1.8892483e+01 -3.1437811e+00 
  1509 : -1.8325794e+01  1.2467815e+01 
  1510 : -7.8339427e-01 -1.9213753e+01 
  1511 :  4.7940400e+00  1.6394799e+01 
  1512 : -2.0206092e+01  9.1037277e+00 
  1513 :  2.2321966e+01  1.0417004e+01 
  1514 : -2.2209292e+01  4.1870783e+00 
  1515 : -1.7472169e+01  9.3500788e+00 
  1516 : -2.0652296e+00 -1.9907778e+01 
  1517 : -9.8420392e+00  1.6480125e+01 
  1518 :  2.0193910e+01  4.2208936e+00 
  1519 :  2.5883883e+01 -5.0114411e+00 
  1520 :  1.2776345e+01  1.5310676e+01 
  1521 : -3.8995601e+00  1.7890127e+01 
  1522 : -2.5588338e+01  8.1419797e-02 
  1523 :  1.8369298e+01 -2.1163722e+00 
  1524 :  2.3554607e+01  5.4428001e+00 
  1525 : -3.2336136e+00 -1.8934469e+01 
  1526 : -1.9523155e+01  3.4036939e+00 
  1527 : -5.0300714e+00  2.3167995e+01 
  1528 :  1.9790942e+01  4.0450698e-01 
  1529 : -6.9764479e-01  2.1312708e+01 
  1530 :  1.6458456e+01 -1.1794523e+01 
  1531 :  1.7158779e+01  1.2938670e+01 
  1532 :  2.0680779e-01  1.5671010e+01 
  1533 :  2.5977892e+01  5.3201661e+00 
  1534 :  1.6966744e+01 -5.5836159e+00 
  1535 :  6.3400050e+00  1.8129173e+01 
  1536 : -2.3612626e+01 -1.9375583e+00 
  1537 : -1.3347759e+01  1.6915138e+01 
  1538 : -1.3102631e+01 -1.2335402e+01 
  1539 : -6.3324858e+00 -1.9975781e+01 
  1540 : -1.2425070e+01 -1.2202530e+01 
  1541 : -1.8954292e+01  5.7007784e+00 
  1542 :  1.6238335e+01  1.3298082e+01 
  1543 :  1.3141008e+01 -1.2501747e+01 
  1544 : -1.4858599e+01  1.4522071e+01 
Number of edges 386 
     0 :      0    167 
     1 :    167      1 
     2 :      2    168 
     3 :    168      0 
     4 :      3      4 
     5 :      4      5 
     6 :      5      6 
     7 :      6      7 
     8 :      7      8 
     9 :      8      9 
    10 :      9     10 
    11 :     10     11 
    12 :     11     12 
    13 :     12     13 
    14 :     13     14 
    15 :     14     15 
    16 :     15     16 
    17 :     16     17 
    18 :     17     18 
    19 :     18     19 
    20 :     19     20 
    21 :     20     21 
    22 :     21     22 
    23 :     22     23 
    24 :     23     24 
    25 :     24     25 
    26 :     25     26 
    27 :     26     27 
    28 :     27     28 
    29 :     28     29 
    30 :     29     30 
    31 :     30     31 
    32 :     31     32 
    33 :     32     33 
    34 :     33     34 
    35 :     34     35 
    36 :     35     36 
    37 :     36     37 
    38 :     37     38 
    39 :     38     39 
    40 :     39     40 
    41 :     40     41 
    42 :     41     42 
    43 :     42     43 
    44 :     43     44 
    45 :     44     45 
    46 :     45     46 
    47 :     46     47 
    48 :     47     48 
    49 :     48     49 
    50 :     49     50 
    51 :     50     51 
    52 :     51     52 
    53 :     52     53 
    54 :     53     54 
    55 :     54     55 
    56 :     55     56 
    57 :     56     57 
    58 :     57     58 
    59 :     58     59 
    60 :     59     60 
    61 :     60     61 
    62 :     61     62 
    63 :     62     63 
    64 :     63     64 
    65 :     64     65 
    66 :     65     66 
    67 :     66     67 
    68 :     67     68 
    69 :     68     69 
    70 :     69     70 
    71 :     70     71 
    72 :     71     72 
    73 :     72     73 
    74 :     73     74 
    75 :     74     75 
    76 :     75     76 
    77 :     76     77 
    78 :     77     78 
    79 :     78     79 
    80 :     79     80 
    81 :     80     81 
    82 :     81     82 
    83 :     82     83 
    84 :     83     84 
    85 :     84     85 
    86 :     85     86 
    87 :     86     87 
    88 :     87     88 
    89 :     88     89 
    90 :     89     90 
    91 :     90     91 
    92 :     91     92 
    93 :     92     93 
    94 :     93     94 
    95 :     94     95 
    96 :     95     96 
    97 :     96     97 
    98 :     97     98 
    99 :     98     99 
   100 :     99    100 
   101 :    100    101 
   102 :    101    102 
   103 :    102    103 
   104 :    103    104 
   105 :    104    105 
   106 :    105    106 
   107 :    106    107 
   108 :    107    108 
   109 :    108    109 
   110 :    109    110 
   111 :    110    111 
   112 :    111    112 
   113 :    112    113 
   114 :    113    114 
   115 :    114    115 
   116 :    115    116 
   117 :    116    117 
   118 :    117    118 
   119 :    118    119 
   120 :    119    120 
   121 :    120    121 
   122 :    121    122 
   123 :    122    123 
   124 :    123    124 
   125 :    124    125 
   126 :    125    126 
   127 :    126    127 
   128 :    127    128 
   129 :    128    129 
   130 :    129    130 
   131 :    130    131 
   132 :    131    132 
   133 :    132    133 
   134 :    133    134 
   135 :    134    135 
   136 :    135    136 
   137 :    136    137 
   138 :    137    138 
   139 :    138    139 
   140 :    139    169 
   141 :    169    170 
   142 :    170    140 
   143 :    140    171 
   144 :    171    141 
   145 :    141    172 
   146 :    172    142 
   147 :    142    173 
   148 :    173    174 
   149 :    174    143 
   150 :    143    175 
   151 :    175    144 
   152 :    144    176 
   153 :    176    177 
   154 :    177    145 
   155 :    145    178 
   156 :    178    146 
   157 :    146    179 
   158 :    179    147 
   159 :    147    180 
   160 :    180    181 
   161 :    181    148 
   162 :    148    182 
   163 :    182    149 
   164 :    149    183 
   165 :    183    184 
   166 :    184      2 
   167 :      1    185 
   168 :    185    186 
   169 :    186    150 
   170 :    150    187 
   171 :    187    151 
   172 :    151    188 
   173 :    188    189 
   174 :    189    152 
   175 :    152    190 
   176 :    190    153 
   177 :    153    191 
   178 :    191    154 
   179 :    154    192 
   180 :    192    193 
   181 :    193    155 
   182 :    155    194 
   183 :    194    156 
   184 :    156    195 
   185 :    195    196 
   186 :    196    157 
   187 :    157    197 
   188 :    197    158 
   189 :    158    198 
   190 :    198    159 
   191 :    159    199 
   192 :    199    200 
   193 :    200      3 
   194 :    160    201 
   195 :    201    202 
   196 :    202    203 
   197 :    203    204 
   198 :    204    205 
   199 :    205    206 
   200 :    206    207 
   201 :    207    208 
   202 :    208    209 
   203 :    209    210 
   204 :    210    211 
   205 :    211    212 
   206 :    212    213 
   207 :    213    214 
   208 :    214    215 
   209 :    215    216 
   210 :    216    217 
   211 :    217    218 
   212 :    218    219 
   213 :    219    220 
   214 :    220    221 
   215 :    221    222 
   216 :    222    223 
   217 :    223    224 
   218 :    224    225 
   219 :    225    226 
   220 :    226    227 
   221 :    227    228 
   222 :    228    229 
   223 :    229    230 
   224 :    230    231 
   225 :    231    232 
   226 :    232    233 
   227 :    233    234 
   228 :    234    161 
   229 :    160    235 
   230 :    235    236 
   231 :    236    237 
   232 :    237    238 
   233 :    238    239 
   234 :    239    240 
   235 :    240    241 
   236 :    241    242 
   237 :    242    243 
   238 :    243    244 
   239 :    244    245 
   240 :    245    246 
   241 :    246    247 
   242 :    247    248 
   243 :    248    249 
   244 :    249    250 
   245 :    250    251 
   246 :    251    252 
   247 :    252    253 
   248 :    253    254 
   249 :    254    255 
   250 :    255    256 
   251 :    256    257 
   252 :    257    258 
   253 :    258    259 
   254 :    259    260 
   255 :    260    261 
   256 :    261    262 
   257 :    262    162 
   258 :    163    263 
   259 :    263    264 
   260 :    264    265 
   261 :    265    266 
   262 :    266    267 
   263 :    267    268 
   264 :    268    269 
   265 :    269    270 
   266 :    270    271 
   267 :    271    272 
   268 :    272    273 
   269 :    273    274 
   270 :    274    275 
   271 :    275    276 
   272 :    276    277 
   273 :    277    278 
   274 :    278    279 
   275 :    279    280 
   276 :    280    281 
   277 :    281    282 
   278 :    282    283 
   279 :    283    284 
   280 :    284    285 
   281 :    285    286 
   282 :    286    287 
   283 :    287    288 
   284 :    288    289 
   285 :    289    290 
   286 :    290    291 
   287 :    291    292 
   288 :    292    293 
   289 :    293    294 
   290 :    294    162 
   291 :    164    295 
   292 :    295    163 
   293 :    164    296 
   294 :    296    297 
   295 :    297    298 
   296 :    298    299 
   297 :    299    300 
   298 :    300    301 
   299 :    301    302 
   300 :    302    303 
   301 :    303    304 
   302 :    304    305 
   303 :    305    306 
   304 :    306    307 
   305 :    307    308 
   306 :    308    309 
   307 :    309    310 
   308 :    310    311 
   309 :    311    312 
   310 :    312    313 
   311 :    313    314 
   312 :    314    315 
   313 :    315    316 
   314 :    316    317 
   315 :    317    318 
   316 :    318    319 
   317 :    319    320 
   318 :    320    321 
   319 :    321    322 
   320 :    322    323 
   321 :    323    165 
   322 :    166    324 
   323 :    324    325 
   324 :    325    326 
   325 :    326    327 
   326 :    327    328 
   327 :    328    329 
   328 :    329    330 
   329 :    330    331 
   330 :    331    332 
   331 :    332    333 
   332 :    333    334 
   333 :    334    335 
   334 :    335    336 
   335 :    336    337 
   336 :    337    338 
   337 :    338    339 
   338 :    339    340 
   339 :    340    341 
   340 :    341    342 
   341 :    342    343 
   342 :    343    344 
   343 :    344    345 
   344 :    345    346 
   345 :    346    347 
   346 :    347    348 
   347 :    348    349 
   348 :    349    350 
   349 :    350    351 
   350 :    351    352 
   351 :    352    353 
   352 :    353    354 
   353 :    354    355 
   354 :    355    356 
   355 :    356    357 
   356 :    357    165 
   357 :    166    358 
   358 :    358    359 
   359 :    359    360 
   360 :    360    361 
   361 :    361    362 
   362 :    362    363 
   363 :    363    364 
   364 :    364    365 
   365 :    365    366 
   366 :    366    367 
   367 :    367    368 
   368 :    368    369 
   369 :    369    370 
   370 :    370    371 
   371 :    371    372 
   372 :    372    373 
   373 :    373    374 
   374 :    374    375 
   375 :    375    376 
   376 :    376    377 
   377 :    377    378 
   378 :    378    379 
   379 :    379    380 
   380 :    380    381 
   381 :    381    382 
   382 :    382    383 
   383 :    383    384 
   384 :    384    385 
   385 :    385    161 
Number of domains 3
  Domain :      0 
  Name : Free
  Number of elements :    185
     0     1     2     3     4     5     6     7     8     9
    10    11    12    13    14    15    16    17    18    19
    20    21    22    23    24    25    26    27    28    29
    30    31    32    33    34    35    36    37    38    39
    40    41    42    43    44    45    46    47    48    49
    50    51    52    53    54    55    56    57    58    59
    60    61    62    63    64    65    66    67    68    69
    70    71    72    73    74    75    76    77    78    79
    80    81    82    83    84    85    86    87    88    89
    90    91    92    93    94    95    96    97    98    99
   100   101   102   103   104   105   106   107   108   109
   110   111   112   113   114   115   116   117   118   119
   120   121   122   123   124   125   126   127   128   129
   130   131   132   133   134   135   136   137   138   139
   140   141   142   143   144   145   146   147   148   149
   150   151   152   153   154   155   156   157   158   159
   160   161   162   163   164   165   166   170   171   172
   173   174   175   176   177   178   182   183   184   185
   186   187   188   189   190
  Domain :      1 
  Name : Inner
  Number of elements :    192
   194   195   196   197   198   199   200   201   202   203
   204   205   206   207   208   209   210   211   212   213
   214   215   216   217   218   219   220   221   222   223
   224   225   226   227   228   229   230   231   232   233
   234   235   236   237   238   239   240   241   242   243
   244   245   246   247   248   249   250   251   252   253
   254   255   256   257   258   259   260   261   262   263
   264   265   266   267   268   269   270   271   272   273
   274   275   276   277   278   279   280   281   282   283
   284   285   286   287   288   289   290   291   292   293
   294   295   296   297   298   299   300   301   302   303
   304   305   306   307   308   309   310   311   312   313
   314   315   316   317   318   319   320   321   322   323
   324   325   326   327   328   329   330   331   332   333
   334   335   336   337   338   339   340   341   342   343
   344   345   346   347   348   349   350   351   352   353
   354   355   356   357   358   359   360   361   362   363
   364   365   366   367   368   369   370   371   372   373
   374   375   376   377   378   379   380   381   382   383
   384   385
  Domain :      2 
  Name : Force
  Number of elements :      9
   167   168   169   179   180   181   191   192   193
